0.0324074 0.427925 0.499603 0.0400649 
0.0851298 0.406733 0.447189 0.0609479 
0.0123205 0.555341 0.31172 0.120618 
0.0122622 0.483991 0.484072 0.0196742 
0.0607677 0.502955 0.429401 0.00687632 
0.0411601 0.370758 0.563002 0.0250793 
0.106777 0.0647461 0.800708 0.027769 
0.0939061 0.174554 0.722321 0.00921871 
0.0173001 0.287535 0.593182 0.101984 
0.0906704 0.547918 0.355125 0.00628638 
0.00685053 0.388127 0.540557 0.0644653 
0.0606679 0.261068 0.519919 0.158345 
0.0629358 0.294635 0.282105 0.360324 
0.0531757 0.480031 0.457447 0.00934669 
0.0719003 0.408764 0.50771 0.0116256 
0.0774834 0.35963 0.53463 0.0282561 
0.117409 0.173758 0.661557 0.0472762 
0.0342333 0.388621 0.456455 0.120691 
0.143454 0.582903 0.273449 0.000194618 
0.0263026 0.376137 0.596966 0.000594524 
0.16524 0.186329 0.631702 0.01673 
0.0518291 0.325556 0.591517 0.0310983 
0.0860601 0.231478 0.681804 0.000658045 
0.0607278 0.55606 0.307459 0.0757539 
0.00894053 0.462674 0.461726 0.0666595 
0.0343975 0.319545 0.564611 0.0814464 
0.229974 0.482788 0.280446 0.00679165 
0.164432 0.415092 0.413698 0.00677791 
0.16872 0.36199 0.463286 0.00600411 
0.0776848 0.272497 0.64775 0.00206794 
0.0356674 0.425735 0.493341 0.0452572 
0.283751 0.355326 0.233091 0.127831 
0.000234778 0.394643 0.576658 0.0284643 
0.0344674 0.412857 0.532558 0.0201169 
0.118416 0.428455 0.339982 0.113147 
0.149212 0.139217 0.694688 0.0168834 
0.00745595 0.430375 0.552018 0.0101511 
0.0337094 0.461612 0.504185 0.000494014 
0.0562427 0.329995 0.613107 0.000656009 
0.00314927 0.297615 0.69918 5.62907e-05 
0.177725 0.114727 0.587779 0.119769 
0.0587037 0.529663 0.40579 0.00584261 
0.00834564 0.531111 0.408926 0.0516177 
0.106727 0.180829 0.703746 0.00869772 
0.276275 0.316819 0.364278 0.0426278 
0.0356138 0.242417 0.699609 0.0223595 
0.116175 0.534289 0.349435 0.000100594 
0.0503251 0.434459 0.515126 8.98644e-05 
0.00959971 0.216993 0.652392 0.121015 
0.000866988 0.536052 0.461165 0.00191531 
0.153376 0.475869 0.349022 0.0217337 
0.107856 0.324858 0.423851 0.143435 
0.00552955 0.293096 0.639082 0.0622926 
0.0750292 0.419872 0.428871 0.0762272 
0.121346 0.35284 0.424482 0.101331 
0.0228172 0.496508 0.472652 0.00802303 
0.105273 0.487973 0.369036 0.0377178 
0.0334091 0.618618 0.347824 0.000148761 
0.012544 0.791128 0.194019 0.0023091 
0.126405 0.168947 0.696799 0.00784945 
0.0210461 0.529484 0.443994 0.00547572 
0.0386064 0.44195 0.323276 0.196167 
0.0470246 0.516894 0.413207 0.022874 
0.465058 0.319166 0.166165 0.0496101 
0.127555 0.214709 0.477077 0.180659 
0.0473491 0.307657 0.61402 0.0309732 
0.0143943 0.292838 0.596229 0.0965381 
0.0575691 0.496384 0.445683 0.000363629 
0.0224355 0.554032 0.402075 0.0214573 
0.404087 0.201946 0.353118 0.0408482 
0.0374736 0.411664 0.521749 0.029113 
0.0985058 0.322375 0.5597 0.0194189 
0.0358739 0.4562 0.505952 0.00197359 
0.0273459 0.47546 0.170822 0.326373 
0.0262806 0.51178 0.437432 0.0245077 
0.0348417 0.524862 0.406051 0.034245 
0.000591114 0.594099 0.252785 0.152526 
0.125857 0.218349 0.569034 0.08676 
0.0118265 0.36754 0.494797 0.125836 
0.321267 0.353945 0.319255 0.00553359 
0.0573404 0.468362 0.434705 0.0395921 
0.0531174 0.189877 0.594702 0.162303 
0.0665744 0.326445 0.606965 1.50206e-05 
0.124559 0.26897 0.526539 0.079931 
0.138363 0.655535 0.175414 0.0306888 
0.0471268 0.550023 0.370104 0.0327458 
0.0432135 0.564307 0.359837 0.0326427 
0.04923 0.34345 0.55532 0.0520002 
0.0433971 0.35101 0.466379 0.139214 
0.00286407 0.453343 0.541022 0.00277126 
0.0300157 0.435853 0.476738 0.0573932 
0.157042 0.489549 0.328163 0.0252457 
0.0055005 0.224231 0.76882 0.00144922 
0.0742884 0.423667 0.501336 0.000709222 
0.0936654 0.267945 0.632231 0.00615876 
0.0203721 0.305804 0.668835 0.00498877 
0.0822523 0.180675 0.734119 0.00295351 
0.301888 0.210831 0.436459 0.0508214 
0.0841826 0.332478 0.424133 0.159207 
0.058575 0.447895 0.49353 6.96498e-08 
0.0891575 0.380585 0.52685 0.00340737 
0.0367282 0.391402 0.569159 0.00271039 
0.0464012 0.592125 0.354601 0.00687285 
0.0725002 0.262237 0.664457 0.000804966 
0.0153871 0.370093 0.566321 0.0481988 
0.0142332 0.581319 0.339308 0.0651393 
0.0221428 0.534163 0.414403 0.0292908 
0.148578 0.338556 0.501759 0.0111062 
0.0666125 0.590558 0.325314 0.0175154 
0.100315 0.237943 0.5454 0.116342 
0.042503 0.438083 0.42148 0.0979341 
0.108498 0.361297 0.528942 0.00126321 
0.0457801 0.536856 0.370341 0.0470225 
0.0119623 0.563483 0.377522 0.0470331 
0.0577494 0.226343 0.590479 0.125428 
0.0637285 0.287161 0.611504 0.037606 
0.000669271 0.275665 0.653538 0.0701277 
0.00165455 0.634456 0.352005 0.0118852 
0.0494408 0.315581 0.602583 0.0323948 
0.00448002 0.526729 0.413867 0.0549238 
0.0440332 0.358492 0.556032 0.0414432 
0.144259 0.297548 0.529121 0.0290725 
0.19097 0.245672 0.519576 0.0437822 
0.00930072 0.321603 0.611421 0.0576753 
0.109741 0.540906 0.344136 0.00521692 
0.407491 0.195989 0.389161 0.00735895 
0.102281 0.236274 0.659631 0.00181395 
0.116454 0.374166 0.503777 0.00560326 
0.0295266 0.338559 0.542758 0.0891565 
0.106497 0.312316 0.470997 0.11019 
0.038384 0.3024 0.58335 0.0758658 
0.0784787 0.379739 0.508425 0.0333577 
0.233164 0.153882 0.610354 0.00260025 
0.094556 0.387885 0.448917 0.0686419 
0.108297 0.330243 0.530109 0.0313512 
0.0314343 0.303966 0.59541 0.06919 
0.0722565 0.612436 0.30391 0.0113981 
0.26531 0.243524 0.364717 0.126448 
0.0317121 0.496553 0.446579 0.0251553 
0.0928665 0.239581 0.642093 0.02546 
0.0243793 0.435804 0.51019 0.0296273 
0.0039335 0.280077 0.668776 0.0472141 
0.114792 0.374292 0.509426 0.00149068 
0.02918 0.475528 0.494376 0.000916527 
0.0417122 0.664454 0.255029 0.0388044 
0.0698535 0.423422 0.463348 0.0433767 
0.130525 0.239784 0.626889 0.00280224 
0.0623481 0.691542 0.245891 0.000218588 
0.0239782 0.354526 0.617442 0.00405408 
0.0215465 0.674127 0.290415 0.0139121 
0.0401503 0.36629 0.58183 0.0117303 
0.0402909 0.405316 0.432667 0.121726 
0.113841 0.491845 0.32827 0.0660449 
0.0447244 0.44315 0.402608 0.109517 
0.0610413 0.513796 0.416236 0.0089272 
0.0407227 0.470021 0.488728 0.000527717 
0.120116 0.579095 0.298484 0.00230408 
0.0272206 0.517007 0.437388 0.018385 
0.00554178 0.28538 0.690323 0.0187549 
0.111056 0.597551 0.291335 5.76556e-05 
0.00269776 0.418313 0.567848 0.0111408 
0.00436686 0.493256 0.333093 0.169283 
0.152833 0.168996 0.656494 0.0216773 
0.113689 0.367965 0.515216 0.00312941 
0.0488644 0.370209 0.436273 0.144654 
0.0177914 0.510325 0.428564 0.0433194 
0.00928578 0.436912 0.551202 0.00260085 
0.341902 0.30786 0.251586 0.0986513 
0.00116492 0.394354 0.582027 0.0224547 
0.140191 0.248497 0.597817 0.0134954 
0.0878072 0.255966 0.650584 0.00564307 
0.0898469 0.367152 0.542012 0.000989824 
0.0212091 0.574042 0.403769 0.000979748 
0.217797 0.398452 0.382904 0.000845794 
0.0768354 0.544302 0.320328 0.0585342 
0.154794 0.327613 0.513124 0.00446861 
0.125448 0.264458 0.555177 0.0549173 
0.312976 0.278636 0.405305 0.0030836 
0.0277316 0.400873 0.322202 0.249193 
0.0432929 0.670348 0.2857 0.000658977 
0.048695 0.275546 0.675005 0.000753981 
0.0114925 0.282687 0.633357 0.0724634 
0.0100984 0.411951 0.561824 0.0161271 
0.0172412 0.420685 0.560322 0.00175212 
0.0287496 0.266504 0.677244 0.027502 
0.0328897 0.6296 0.327956 0.0095543 
0.165618 0.268025 0.556971 0.00938606 
0.119577 0.298959 0.523704 0.0577602 
0.196981 0.242495 0.485763 0.0747605 
0.0381321 0.472332 0.48691 0.00262523 
0.0081553 0.451224 0.540059 0.000560974 
0.183158 0.397966 0.321471 0.0974046 
0.0932943 0.5514 0.283266 0.0720393 
0.113423 0.477992 0.406492 0.00209382 
0.0189918 0.590186 0.38827 0.00255187 
0.0421058 0.106558 0.607168 0.244168 
0.101738 0.39464 0.323614 0.180009 
0.023787 0.350747 0.608643 0.0168228 
0.191536 0.411583 0.396856 2.50091e-05 
0.102591 0.354968 0.506853 0.0355878 
0.0351555 0.52666 0.403047 0.0351376 
0.0147604 0.576066 0.40912 5.43701e-05 
0.00443177 0.568977 0.390991 0.0355996 
0.0818056 0.496393 0.400054 0.0217478 
0.112674 0.624346 0.262649 0.000330082 
0.0437344 0.394187 0.562072 6.46684e-06 
0.0963468 0.239094 0.664378 0.000181351 
0.0303888 0.588748 0.364465 0.0163985 
0.0371676 0.325975 0.603071 0.0337872 
0.221828 0.328502 0.427456 0.0222152 
0.00342536 0.715684 0.279969 0.000921447 
0.113994 0.230876 0.602013 0.0531169 
0.013003 0.434108 0.550177 0.00271288 
0.022562 0.313149 0.658123 0.00616613 
0.0905187 0.411316 0.463781 0.034384 
0.130585 0.521072 0.336636 0.0117073 
0.00951415 0.432976 0.529932 0.0275775 
0.18742 0.206078 0.530685 0.0758165 
0.013526 0.318126 0.655008 0.0133396 
0.0164614 0.493442 0.487335 0.00276172 
0.11679 0.282142 0.574116 0.0269522 
0.15949 0.650338 0.150193 0.0399794 
0.0623064 0.508371 0.429124 0.00019792 
0.242243 0.241482 0.515063 0.00121257 
0.0524125 0.553878 0.387777 0.00593274 
0.0707126 0.430841 0.498066 0.000380888 
0.0848381 0.180382 0.722791 0.0119891 
0.0917244 0.558298 0.264242 0.0857364 
0.0223195 0.421611 0.505743 0.0503265 
0.121384 0.351794 0.491937 0.0348855 
0.158142 0.425699 0.397428 0.0187312 
0.0191826 0.305615 0.660889 0.0143137 
0.0759654 0.229708 0.692509 0.00181764 
0.0851075 0.441044 0.469204 0.00464431 
0.00246232 0.445444 0.476287 0.0758062 
0.00621152 0.374161 0.576059 0.0435684 
0.00737309 0.233812 0.355861 0.402954 
0.0458671 0.584375 0.369563 0.00019499 
0.0661797 0.170673 0.757048 0.00609903 
0.0786587 0.591545 0.326002 0.00379419 
0.00553745 0.436418 0.534803 0.0232422 
0.0653181 0.330172 0.559457 0.0450534 
0.0499102 0.342978 0.587234 0.0198772 
0.0203395 0.65381 0.325815 3.58787e-05 
0.010292 0.311825 0.658938 0.0189453 
0.0512589 0.472698 0.463664 0.0123786 
0.000174496 0.509065 0.290684 0.200076 
0.0506049 0.327058 0.484478 0.137859 
0.0290948 0.374088 0.439043 0.157773 
0.185272 0.371608 0.326832 0.116288 
0.0938186 0.168371 0.735834 0.00197556 
0.0592336 0.56447 0.375155 0.00114095 
0.0502301 0.215042 0.689387 0.045341 
0.030783 0.430642 0.468426 0.0701482 
0.0207561 0.250995 0.666439 0.0618098 
0.0120661 0.393388 0.469638 0.124908 
0.0294468 0.210158 0.749997 0.0103983 
0.126974 0.225162 0.637171 0.0106925 
0.182568 0.223079 0.593721 0.000632565 
0.0151536 0.432647 0.542298 0.00990119 
0.0463181 0.511795 0.437172 0.00471559 
0.0924443 0.186761 0.71766 0.00313521 
0.0920418 0.595664 0.305881 0.0064128 
0.131628 0.479154 0.379084 0.0101345 
0.0110846 0.146211 0.825832 0.0168728 
0.0158189 0.379773 0.556872 0.0475357 
0.243562 0.487301 0.213347 0.0557898 
0.0201319 0.281058 0.697898 0.000911839 
0.17155 0.161681 0.665771 0.000997033 
0.0146004 0.50794 0.475013 0.00244711 
0.00251747 0.366387 0.631002 9.38694e-05 
0.191521 0.500427 0.28293 0.0251217 
0.190164 0.410381 0.345457 0.0539988 
0.00906309 0.314321 0.658158 0.0184572 
0.00602257 0.479067 0.441245 0.0736658 
0.0201668 0.348611 0.629512 0.00171044 
0.259229 0.297209 0.429799 0.0137624 
0.115336 0.421062 0.460829 0.0027724 
0.125784 0.291771 0.489519 0.0929249 
0.0394261 0.345056 0.541979 0.0735384 
0.0255884 0.527489 0.42842 0.0185032 
0.15687 0.336142 0.456144 0.0508442 
0.0247392 0.236557 0.723052 0.0156528 
0.256396 0.396028 0.31584 0.0317367 
0.0140089 0.58872 0.384082 0.0131896 
0.190706 0.387041 0.418741 0.00351176 
0.072753 0.323137 0.54215 0.0619605 
0.0234775 0.488058 0.485058 0.00340625 
0.081207 0.233698 0.64352 0.0415751 
0.255598 0.147139 0.582455 0.014807 
0.0694407 0.228671 0.692205 0.00968391 
0.0238309 0.348169 0.556412 0.0715885 
0.289057 0.184993 0.515725 0.0102246 
0.0318914 0.503108 0.464645 0.000355899 
0.0227097 0.22344 0.668133 0.0857179 
0.0141749 0.429611 0.52296 0.0332543 
0.0844865 0.503552 0.411925 3.63055e-05 
0.018947 0.382026 0.516061 0.0829656 
0.0366497 0.596954 0.36543 0.000966276 
0.0230908 0.3319 0.637402 0.00760679 
0.182291 0.309001 0.50785 0.000857783 
0.123154 0.473869 0.398573 0.00440406 
0.132197 0.250687 0.585229 0.0318863 
0.0211718 0.372684 0.604934 0.00121027 
0.0127704 0.523072 0.46145 0.00270728 
0.0641247 0.25327 0.649477 0.0331277 
0.273233 0.270413 0.448404 0.00794967 
0.0692897 0.289144 0.640512 0.00105383 
0.191947 0.417858 0.341621 0.048574 
0.0152366 0.293261 0.650798 0.0407035 
0.0474463 0.418761 0.504989 0.0288037 
0.0600147 0.597474 0.300041 0.0424702 
0.0396526 0.491869 0.36528 0.103199 
0.112336 0.295416 0.591037 0.00121055 
0.0191092 0.382806 0.559834 0.038251 
0.098532 0.510062 0.384398 0.00700737 
0.0293988 0.405245 0.464975 0.10038 
0.0329439 0.554927 0.412123 6.45303e-06 
0.0175652 0.262795 0.710796 0.00884388 
0.0534457 0.228078 0.380602 0.337874 
0.0119272 0.552765 0.35769 0.077618 
0.0222725 0.375897 0.594008 0.0078228 
0.0475253 0.443327 0.509049 9.89293e-05 
0.0498716 0.460389 0.480524 0.00921521 
0.0812884 0.538387 0.379765 0.000559699 
0.10614 0.300141 0.586915 0.00680446 
0.00433586 0.382693 0.554723 0.0582483 
0.0908726 0.44123 0.45667 0.0112279 
0.0835932 0.311331 0.599493 0.00558227 
0.141813 0.353369 0.351764 0.153054 
0.0186173 0.368219 0.589764 0.0233999 
0.105301 0.320873 0.553295 0.0205306 
0.0939231 0.354657 0.246129 0.305291 
0.00987199 0.533266 0.397713 0.0591489 
0.0532956 0.511197 0.434534 0.000972728 
0.143934 0.497115 0.296581 0.0623694 
0.0453252 0.435347 0.362729 0.156599 
0.0154376 0.613459 0.298637 0.0724663 
0.048714 0.559328 0.347453 0.0445046 
0.0194735 0.637646 0.321072 0.0218093 
0.0729897 0.175295 0.750003 0.00171241 
0.158652 0.231105 0.505369 0.104875 
0.163682 0.284942 0.551049 0.000326637 
0.0190961 0.502295 0.478455 0.000153869 
0.342195 0.181513 0.319352 0.15694 
0.0324246 0.410942 0.555814 0.000819126 
0.115799 0.300961 0.583228 1.0827e-05 
0.0235252 0.339681 0.626837 0.00995727 
0.290792 0.332434 0.372721 0.00405303 
0.0288436 0.465183 0.503828 0.00214544 
0.00798899 0.371778 0.610503 0.00972936 
0.0227412 0.299705 0.669965 0.00758896 
0.20944 0.23964 0.546423 0.00449642 
0.0957709 0.256225 0.605069 0.0429352 
0.167128 0.428221 0.380428 0.0242235 
0.299307 0.358178 0.295951 0.046565 
0.142582 0.442956 0.390134 0.0243284 
0.04748 0.349208 0.561228 0.0420834 
0.123994 0.405606 0.459927 0.0104729 
0.0446983 0.559342 0.392235 0.00372447 
0.15408 0.446069 0.390016 0.00983628 
0.129449 0.347863 0.457768 0.06492 
0.127435 0.229634 0.607493 0.0354381 
0.170722 0.617473 0.188909 0.0228962 
0.0669297 0.359749 0.537337 0.0359837 
0.124031 0.499064 0.371482 0.00542357 
0.0628265 0.439643 0.497395 0.00013499 
0.0809003 0.321086 0.591713 0.00630077 
0.12962 0.39756 0.4561 0.0167196 
0.103116 0.262056 0.634685 0.000143288 
0.168108 0.204803 0.620442 0.00664663 
0.100342 0.12028 0.778094 0.00128368 
0.0217566 0.392404 0.583784 0.00205607 
0.200324 0.362356 0.432464 0.00485608 
0.229153 0.447116 0.322367 0.0013638 
0.0379786 0.346076 0.615931 1.42719e-05 
0.0599285 0.57861 0.360882 0.000580285 
0.126405 0.423541 0.450039 1.53059e-05 
0.0233598 0.408174 0.543187 0.0252788 
0.026093 0.263795 0.708109 0.00200305 
0.0638622 0.17812 0.742026 0.0159915 
0.0314535 0.355941 0.493413 0.119192 
0.0890665 0.310229 0.453586 0.147118 
0.170646 0.353169 0.421672 0.0545134 
0.00894772 0.419103 0.566483 0.00546648 
0.0226757 0.349318 0.584663 0.043343 
0.0786375 0.526353 0.361396 0.0336128 
0.00703351 0.404632 0.576368 0.0119667 
0.140307 0.379915 0.473001 0.00677719 
0.0569791 0.458757 0.483564 0.000699515 
0.0133227 0.337123 0.648218 0.00133614 
0.124232 0.558373 0.31047 0.00692581 
0.132936 0.405878 0.456199 0.00498718 
0.0193073 0.478952 0.493874 0.00786594 
0.148411 0.227269 0.614176 0.0101437 
0.0876832 0.303184 0.530153 0.0789793 
0.0493101 0.230068 0.662236 0.058386 
0.0183976 0.277188 0.680306 0.0241093 
0.025877 0.352596 0.620689 0.000837659 
0.260035 0.41511 0.282538 0.0423173 
0.0285195 0.594447 0.19226 0.184773 
0.0635245 0.367366 0.569095 1.48914e-05 
0.0950321 0.468425 0.42722 0.00932277 
0.240487 0.399513 0.350062 0.009938 
0.01068 0.241408 0.732656 0.0152556 
0.0517057 0.482057 0.364265 0.101973 
0.0199118 0.657325 0.319206 0.00355666 
0.123831 0.453307 0.334239 0.0886222 
0.0250658 0.673039 0.300508 0.00138743 
0.333014 0.379525 0.286268 0.00119345 
0.0986202 0.223466 0.644806 0.0331073 
0.326696 0.412935 0.25942 0.000949184 
0.0467734 0.175253 0.707181 0.0707922 
0.0483163 0.634931 0.315987 0.0007662 
0.182577 0.122284 0.634666 0.060472 
0.151497 0.39763 0.399358 0.051515 
0.011758 0.309655 0.629527 0.0490594 
0.0413491 0.370615 0.561912 0.0261235 
0.169455 0.257819 0.552542 0.0201841 
0.138655 0.367825 0.493436 8.40728e-05 
0.0144591 0.478997 0.445837 0.0607077 
0.0226667 0.414682 0.551089 0.0115628 
0.120729 0.342386 0.53367 0.00321547 
0.0212931 0.475646 0.493233 0.00982771 
0.0694317 0.476454 0.396799 0.0573156 
0.078948 0.531586 0.337576 0.0518894 
0.172522 0.513145 0.297267 0.0170656 
0.00725735 0.328421 0.64629 0.0180313 
0.121151 0.441135 0.43502 0.00269401 
0.168401 0.404107 0.331987 0.0955052 
0.0132577 0.692548 0.287075 0.00711903 
0.0837601 0.169627 0.727048 0.0195654 
0.0206305 0.489701 0.461068 0.0286005 
0.12574 0.431108 0.363217 0.0799349 
0.0690665 0.578542 0.350255 0.00213611 
0.0435056 0.203556 0.746713 0.00622535 
0.0128174 0.348965 0.634106 0.00411196 
0.149729 0.402551 0.447718 1.33162e-06 
0.247194 0.398306 0.319651 0.0348491 
0.0435701 0.513765 0.413636 0.029029 
0.0219441 0.497858 0.467035 0.0131635 
0.127821 0.587288 0.244004 0.0408864 
0.0347411 0.546317 0.418877 6.49331e-05 
0.1387 0.51331 0.32219 0.0257995 
0.00770474 0.325806 0.558805 0.107684 
0.119288 0.375878 0.495955 0.00887914 
0.0169266 0.598922 0.383707 0.000444629 
0.13753 0.272659 0.584067 0.00574409 
0.178936 0.524782 0.256199 0.0400827 
0.363135 0.17157 0.357394 0.1079 
0.165467 0.309092 0.494546 0.0308949 
0.0763725 0.56097 0.344739 0.0179184 
0.125675 0.402705 0.454099 0.0175214 
0.129673 0.318701 0.551155 0.000471703 
0.237263 0.471109 0.265327 0.0263018 
0.0518365 0.41515 0.532956 5.7393e-05 
0.129421 0.227336 0.640901 0.00234172 
0.0627763 0.248423 0.6531 0.0357004 
0.0595865 0.331287 0.578479 0.0306483 
0.224075 0.379048 0.343836 0.0530406 
0.217889 0.205615 0.573011 0.00348457 
0.0615061 0.379548 0.540017 0.018929 
0.0645588 0.557764 0.37523 0.00244704 
0.0113502 0.438872 0.545743 0.00403444 
0.023071 0.366266 0.597528 0.0131347 
0.0080735 0.463971 0.493308 0.0346473 
0.0610225 0.460264 0.456378 0.0223362 
0.00493966 0.231883 0.690195 0.0729814 
0.0468374 0.171084 0.755835 0.0262434 
0.104512 0.432275 0.375126 0.0880872 
0.0268973 0.692184 0.262082 0.0188364 
0.00386351 0.265727 0.719492 0.0109172 
0.0981194 0.450739 0.448385 0.00275745 
0.0553843 0.44068 0.357459 0.146477 
0.0687406 0.546165 0.366215 0.0188786 
0.0244337 0.486921 0.484679 0.00396629 
0.273309 0.272615 0.453814 0.000261745 
0.0435432 0.532436 0.422997 0.00102462 
0.033524 0.29861 0.57748 0.0903853 
0.045783 0.380155 0.572639 0.00142277 
0.0487067 0.509722 0.433304 0.00826701 
0.0997902 0.486215 0.390242 0.0237526 
0.0530779 0.40302 0.457891 0.0860106 
0.00347633 0.575529 0.404725 0.0162692 
0.153873 0.429171 0.405798 0.0111587 
0.0423675 0.366005 0.583604 0.00802355 
0.0353958 0.371952 0.587941 0.00471106 
0.27618 0.516537 0.182627 0.0246554 
0.0487761 0.484117 0.463359 0.0037472 
0.0485249 0.408582 0.539179 0.0037141 
0.0859467 0.25408 0.656524 0.00344975 
0.0121052 0.301189 0.684417 0.00228884 
0.0934662 0.33652 0.569122 0.000892029 
0.243652 0.303519 0.426334 0.0264939 
0.0913533 0.138809 0.577674 0.192163 
0.0169676 0.622712 0.274693 0.0856274 
0.110425 0.551384 0.313029 0.0251617 
0.200606 0.463678 0.335625 9.06318e-05 
0.20991 0.391281 0.397737 0.00107184 
0.159137 0.562215 0.263565 0.0150823 
0.178985 0.327007 0.491776 0.00223196 
0.0912396 0.430572 0.447765 0.0304232 
0.0166469 0.209556 0.768686 0.00511085 
0.0407877 0.339338 0.611768 0.00810606 
0.0514503 0.378937 0.569066 0.000546774 
0.0167482 0.267332 0.70096 0.0149599 
0.258895 0.368277 0.370577 0.00225088 
0.0968009 0.352628 0.494071 0.0564997 
0.152024 0.330227 0.478698 0.0390518 
0.160287 0.410447 0.338331 0.0909349 
0.0352907 0.248734 0.509861 0.206115 
0.00109205 0.411937 0.554753 0.0322176 
0.0595865 0.148853 0.738242 0.0533185 
0.0783351 0.452873 0.465986 0.00280664 
0.0192774 0.411174 0.387542 0.182006 
0.0137952 0.559963 0.347756 0.0784863 
0.220954 0.243041 0.465996 0.0700083 
0.0348701 0.265947 0.698894 0.000289292 
0.036529 0.292643 0.520405 0.150422 
0.101871 0.242206 0.655887 3.6141e-05 
0.299762 0.201606 0.467337 0.0312953 
0.042923 0.364807 0.591966 0.000304115 
0.0623625 0.242602 0.639337 0.0556981 
0.144713 0.283087 0.552318 0.0198819 
0.102976 0.43577 0.444316 0.0169378 
0.170676 0.252036 0.349204 0.228084 
0.0683031 0.416507 0.515183 7.1586e-06 
0.280326 0.40052 0.284456 0.0346979 
0.0207253 0.446947 0.515301 0.0170273 
0.00944768 0.337238 0.634342 0.0189719 
0.245306 0.185237 0.538895 0.0305623 
0.0187189 0.41332 0.567803 0.000158114 
0.0247781 0.561235 0.413981 6.09842e-06 
0.0612279 0.497782 0.440266 0.000724827 
0.0993645 0.458042 0.375752 0.0668418 
0.0358831 0.470358 0.425932 0.0678273 
0.103804 0.430785 0.437009 0.0284008 
0.0260954 0.485149 0.429962 0.0587938 
0.0747836 0.501337 0.417922 0.00595672 
0.0289686 0.369071 0.591685 0.0102755 
0.0610565 0.521971 0.304264 0.112709 
0.0461558 0.37862 0.517001 0.0582228 
0.0161101 0.393854 0.549104 0.0409312 
0.141414 0.435293 0.4219 0.00139319 
0.00905563 0.221698 0.76889 0.000355512 
0.00784035 0.44121 0.537625 0.0133243 
0.0438297 0.448523 0.428251 0.0793965 
0.0152958 0.41244 0.562762 0.00950215 
0.129971 0.433646 0.432632 0.00375021 
0.0149882 0.326011 0.657553 0.00144835 
0.0366055 0.344283 0.612474 0.00663837 
0.465951 0.349382 0.17006 0.0146065 
0.114466 0.300888 0.557304 0.0273421 
0.141362 0.206384 0.525855 0.126398 
0.0249075 0.503306 0.47008 0.00170612 
0.0289022 0.526289 0.412702 0.0321059 
0.0309069 0.143457 0.794011 0.0316248 
0.249343 0.578807 0.171111 0.000739615 
0.0791672 0.349602 0.560689 0.0105411 
0.111584 0.622434 0.249816 0.0161661 
0.124114 0.470463 0.34287 0.0625535 
0.0734315 0.308275 0.594764 0.0235295 
0.274067 0.260284 0.416529 0.0491203 
0.0872497 0.230772 0.450804 0.231174 
0.276622 0.243667 0.470906 0.00880501 
0.00817319 0.356028 0.54564 0.0901589 
0.119989 0.581138 0.298294 0.000578699 
0.0880486 0.422737 0.487749 0.00146579 
0.0261614 0.485139 0.488698 2.27322e-06 
0.0431561 0.216993 0.712018 0.0278332 
0.0833828 0.464393 0.43386 0.0183643 
0.103511 0.411398 0.484157 0.000934079 
0.118667 0.37432 0.50698 3.39481e-05 
0.223185 0.322835 0.417391 0.0365888 
0.0371891 0.181831 0.634872 0.146109 
0.160087 0.534133 0.304876 0.000903225 
0.0353141 0.47098 0.493677 2.92714e-05 
0.000835642 0.481877 0.497825 0.0194621 
0.127282 0.567357 0.255247 0.0501144 
0.133694 0.405331 0.442389 0.0185859 
0.129536 0.498285 0.349304 0.0228745 
0.124805 0.504418 0.362759 0.00801739 
0.343695 0.250595 0.322364 0.0833457 
0.180412 0.408485 0.28468 0.126424 
0.121478 0.245622 0.566001 0.0668989 
0.120354 0.353059 0.499067 0.0275192 
0.14284 0.260935 0.577836 0.018388 
0.0484879 0.417754 0.524195 0.00956306 
0.276411 0.355531 0.367479 0.000579103 
3.9388e-05 0.658172 0.341405 0.000383706 
0.212468 0.30985 0.474442 0.0032403 
0.079166 0.29323 0.521142 0.106463 
0.184551 0.361965 0.448122 0.00536272 
0.0320258 0.502841 0.422219 0.0429143 
0.150346 0.454324 0.384339 0.0109904 
0.010282 0.461911 0.526458 0.00134869 
0.0547189 0.533679 0.410506 0.00109602 
0.0264643 0.501657 0.464796 0.00708238 
0.0964534 0.50878 0.375189 0.0195781 
0.0144387 0.268156 0.605737 0.111668 
0.293345 0.338831 0.3051 0.0627245 
0.027912 0.264963 0.697823 0.0093019 
0.0410378 0.279692 0.639951 0.0393185 
0.210854 0.251094 0.526438 0.0116138 
0.114714 0.272037 0.577491 0.0357589 
0.349851 0.270752 0.373367 0.00602954 
0.120215 0.521313 0.343621 0.0148505 
0.111524 0.524055 0.335068 0.0293529 
0.229033 0.290873 0.450579 0.0295154 
0.0946421 0.502688 0.402072 0.000597482 
0.0714235 0.182759 0.581087 0.164731 
0.0584484 0.651668 0.285524 0.00435937 
0.163441 0.396949 0.427984 0.0116257 
0.0343024 0.451682 0.355226 0.15879 
0.101975 0.582269 0.314713 0.0010435 
0.19944 0.185116 0.612344 0.00310049 
0.0480096 0.476611 0.469673 0.00570623 
0.00118041 0.322461 0.557124 0.119235 
0.0886967 0.455773 0.441781 0.0137486 
0.0388436 0.153868 0.565978 0.241309 
0.146446 0.25746 0.596059 3.5242e-05 
0.0411427 0.372154 0.586264 0.000439843 
0.114243 0.36606 0.458598 0.0610982 
0.0183427 0.268212 0.599263 0.114182 
0.134969 0.234241 0.356666 0.274123 
0.187788 0.252911 0.477341 0.0819596 
0.137137 0.380325 0.459807 0.0227315 
0.11472 0.341962 0.528914 0.0144044 
0.165343 0.238607 0.593968 0.00208181 
0.104018 0.454047 0.350987 0.0909471 
0.00886991 0.513378 0.474159 0.00359335 
0.0307927 0.262617 0.645301 0.0612886 
0.131606 0.445537 0.379755 0.0431026 
0.378704 0.330924 0.286017 0.00435412 
0.154435 0.437684 0.300939 0.106942 
0.0169264 0.267754 0.651845 0.0634745 
0.0272975 0.485046 0.470727 0.0169298 
0.0225445 0.291422 0.615184 0.0708496 
0.021269 0.153728 0.799472 0.025532 
0.037469 0.255142 0.705988 0.00140056 
0.143629 0.498008 0.328316 0.0300463 
0.0575137 0.169316 0.773075 9.57069e-05 
0.0605433 0.4604 0.430092 0.0489644 
0.0130807 0.271566 0.696687 0.0186663 
0.060151 0.425443 0.514389 1.69722e-05 
0.142602 0.507524 0.346406 0.00346729 
0.12772 0.304953 0.521679 0.0456481 
0.0825288 0.561152 0.32463 0.0316896 
0.024397 0.172463 0.756655 0.0464841 
0.00385594 0.217497 0.765039 0.0136072 
0.139126 0.155883 0.695291 0.00970066 
0.110205 0.430471 0.426925 0.032399 
0.0577821 0.58695 0.312293 0.0429756 
0.0170964 0.194753 0.683902 0.104248 
0.128612 0.248099 0.602772 0.0205171 
0.0368616 0.484158 0.404768 0.0742125 
0.0112979 0.32067 0.506625 0.161407 
0.0010704 0.349471 0.648195 0.00126362 
0.0734888 0.464495 0.446875 0.0151412 
0.0523988 0.38967 0.557019 0.000912257 
0.0727592 0.485775 0.398497 0.0429681 
0.076585 0.349607 0.556541 0.0172674 
0.015117 0.210413 0.609694 0.164775 
0.102354 0.342856 0.496722 0.0580676 
0.0402691 0.500828 0.432702 0.0262012 
0.00476837 0.202724 0.764436 0.0280717 
0.0242573 0.47032 0.419525 0.0858975 
0.0714335 0.193987 0.705982 0.028597 
0.0596645 0.722135 0.195225 0.0229758 
0.113877 0.503634 0.349548 0.0329407 
0.0681605 0.543069 0.376423 0.0123474 
0.173608 0.405064 0.418073 0.00325476 
0.0429983 0.470832 0.470117 0.0160528 
0.0200298 0.335807 0.542535 0.101628 
0.0449439 0.51396 0.422167 0.0189291 
0.069856 0.594873 0.257035 0.0782365 
0.0403792 0.358177 0.581784 0.0196594 
0.143394 0.364198 0.464983 0.0274255 
0.0518287 0.626373 0.313257 0.00854122 
0.221118 0.254801 0.499653 0.0244282 
0.0173916 0.618987 0.311466 0.0521554 
0.235003 0.384722 0.292442 0.0878334 
0.0676486 0.530478 0.391279 0.0105948 
0.11726 0.303883 0.5751 0.00375734 
0.193066 0.491822 0.314906 0.000205248 
0.178276 0.460416 0.3429 0.0184081 
0.00693137 0.571367 0.403277 0.0184256 
0.0929433 0.386429 0.514879 0.00574853 
0.053179 0.574971 0.361077 0.0107735 
0.110288 0.229958 0.611726 0.0480284 
0.0860384 0.4921 0.413467 0.00839398 
0.0888422 0.346937 0.555127 0.0090938 
0.08283 0.31949 0.596074 0.00160604 
0.0150095 0.576033 0.405368 0.00358947 
0.0369162 0.644116 0.288858 0.0301103 
0.189343 0.466641 0.324635 0.01938 
0.119535 0.531772 0.337339 0.0113532 
0.0363441 0.354718 0.572435 0.0365024 
0.104236 0.299404 0.595797 0.00056377 
0.108123 0.373055 0.448465 0.070357 
0.132015 0.561958 0.300676 0.00535115 
0.178236 0.368176 0.443527 0.0100602 
0.0273552 0.507731 0.420991 0.0439219 
0.0154285 0.468664 0.515238 0.000669142 
0.110791 0.375661 0.46651 0.0470385 
0.13664 0.133731 0.697153 0.0324755 
0.156168 0.649413 0.193964 0.00045482 
0.00781109 0.410695 0.574927 0.00656678 
0.0692195 0.389829 0.497901 0.0430508 
0.106939 0.402234 0.459726 0.0311009 
0.0180067 0.552172 0.429548 0.000273998 
0.0360496 0.510353 0.441163 0.0124346 
0.0685949 0.229737 0.701612 5.52996e-05 
0.00492528 0.550613 0.427302 0.0171596 
0.172872 0.36715 0.459815 0.000163997 
0.130053 0.37004 0.499839 6.7996e-05 
0.0527839 0.698835 0.227439 0.0209428 
0.0607268 0.382756 0.536558 0.0199593 
0.0295396 0.477108 0.489713 0.0036396 
0.00762186 0.486515 0.397629 0.108234 
0.0140234 0.43224 0.553476 0.000260668 
0.145218 0.372529 0.481969 0.000283998 
0.11056 0.411913 0.474663 0.00286452 
0.150962 0.600444 0.210196 0.0383969 
0.0281265 0.154493 0.72074 0.0966407 
0.132601 0.325064 0.471232 0.0711026 
0.207297 0.403645 0.37189 0.0171676 
0.0252975 0.249781 0.72386 0.00106105 
0.0313092 0.267522 0.640645 0.0605235 
0.0161835 0.401106 0.566988 0.0157231 
0.0266751 0.351068 0.600794 0.0214622 
0.000778973 0.582199 0.414519 0.00250228 
0.0917785 0.0886048 0.780545 0.0390715 
0.383093 0.144267 0.47239 0.000250472 
0.0577153 0.294431 0.57504 0.0728131 
0.0783342 0.396322 0.469566 0.0557778 
0.0530222 0.291859 0.641922 0.013197 
0.380502 0.19351 0.407152 0.0188347 
0.166808 0.298893 0.51306 0.0212395 
0.166154 0.513311 0.318872 0.00166295 
0.130111 0.217413 0.649329 0.00314681 
0.272463 0.264393 0.45377 0.00937371 
0.0630931 0.398941 0.360399 0.177567 
0.127012 0.344368 0.527468 0.00115104 
0.0581665 0.426134 0.509488 0.00621148 
0.0964182 0.413679 0.48244 0.00746358 
0.305455 0.259731 0.422646 0.012168 
0.171997 0.283733 0.540077 0.00419273 
0.0378791 0.427832 0.526276 0.00801223 
0.0830163 0.472262 0.443345 0.0013771 
0.00227735 0.451516 0.546177 3.02468e-05 
0.2521 0.434895 0.302323 0.0106809 
0.0285781 0.423106 0.513004 0.0353125 
0.121992 0.352258 0.479112 0.0466382 
0.0234756 0.387231 0.411506 0.177788 
0.0633497 0.566337 0.282681 0.0876315 
0.0602249 0.405113 0.453217 0.0814448 
0.0659979 0.240652 0.666588 0.0267622 
0.145639 0.203177 0.616785 0.0343983 
0.0134453 0.396748 0.589744 6.18959e-05 
0.0289403 0.346467 0.611817 0.0127761 
0.16377 0.429609 0.382313 0.024308 
0.0505103 0.38827 0.491406 0.0698141 
0.0865845 0.493899 0.319911 0.0996052 
0.151711 0.358659 0.4661 0.0235304 
0.0257019 0.245201 0.727719 0.00137767 
0.193236 0.252394 0.531235 0.0231351 
0.0369161 0.209354 0.576505 0.177225 
0.0526367 0.297309 0.638542 0.0115119 
0.152832 0.410368 0.425585 0.011215 
0.0460455 0.350905 0.602844 0.000205035 
0.148118 0.446975 0.353003 0.0519041 
0.114685 0.219332 0.665939 4.47377e-05 
0.0406259 0.492309 0.351289 0.115777 
0.108535 0.525925 0.363426 0.00211299 
0.0874193 0.333537 0.51063 0.0684136 
0.00895057 0.247838 0.7432 1.1389e-05 
0.0190387 0.446451 0.531107 0.00340368 
0.0530345 0.642557 0.247639 0.0567696 
0.0257157 0.172083 0.765521 0.0366798 
0.141852 0.488741 0.351516 0.0178902 
0.040095 0.370687 0.580378 0.00884 
0.0309744 0.519022 0.416609 0.0333949 
0.00264656 0.414928 0.4746 0.107825 
0.265714 0.361314 0.297098 0.0758744 
0.00927756 0.149977 0.833324 0.0074209 
0.0873886 0.58063 0.292874 0.039108 
0.013875 0.391855 0.58384 0.0104292 
0.0924173 0.442071 0.44951 0.0160022 
0.103798 0.507722 0.298675 0.0898053 
0.274469 0.126646 0.58643 0.0124554 
0.0286169 0.599405 0.371686 0.00029203 
0.044582 0.380243 0.574547 0.000628727 
0.134087 0.423376 0.409118 0.0334195 
0.042872 0.305893 0.636963 0.0142728 
0.00244221 0.428776 0.535282 0.0334998 
0.0321909 0.433746 0.355577 0.178486 
0.0981402 0.374138 0.525463 0.00225939 
0.0167695 0.514809 0.463183 0.00523784 
0.160617 0.437739 0.253606 0.148038 
0.0302945 0.200283 0.769311 0.000111956 
0.0204489 0.492386 0.462681 0.0244842 
0.0731965 0.470742 0.435774 0.0202884 
0.0142698 0.601308 0.383684 0.000738519 
0.0278792 0.343398 0.47989 0.148832 
0.00473291 0.0974966 0.866976 0.0307946 
0.158657 0.610167 0.220434 0.0107417 
0.112296 0.359218 0.528464 2.22556e-05 
0.11259 0.48775 0.392511 0.00714909 
0.223014 0.165231 0.606049 0.00570673 
0.0197958 0.390588 0.584782 0.00483378 
0.0228959 0.377253 0.599773 7.81428e-05 
0.11351 0.352649 0.523879 0.0099616 
0.0183168 0.537191 0.416234 0.0282591 
0.0605447 0.350513 0.496666 0.092276 
0.114391 0.58289 0.290841 0.0118784 
0.00874381 0.506938 0.46709 0.017228 
0.0271282 0.630943 0.335588 0.00634135 
0.202365 0.45326 0.290346 0.0540296 
0.108231 0.298181 0.592143 0.00144455 
0.0915736 0.544386 0.360884 0.0031563 
0.0429451 0.477212 0.47984 3.12386e-06 
0.152262 0.478036 0.347011 0.0226905 
0.00904269 0.598385 0.376109 0.0164631 
0.189032 0.247439 0.527825 0.0357041 
0.0624256 0.584658 0.350903 0.00201337 
0.0139553 0.301937 0.626478 0.0576296 
0.00276636 0.516589 0.455251 0.0253933 
0.0830509 0.329287 0.496286 0.0913766 
0.20883 0.151245 0.433263 0.206663 
0.0734181 0.398467 0.522725 0.00539034 
0.0804016 0.331667 0.575418 0.0125132 
0.0146528 0.406668 0.558151 0.0205278 
0.0408977 0.499295 0.456341 0.00346645 
0.0938421 0.368578 0.500534 0.0370459 
0.157225 0.324959 0.491798 0.0260181 
0.189263 0.415348 0.371996 0.0233919 
0.00358759 0.585287 0.411064 6.19833e-05 
0.0177313 0.253289 0.659829 0.0691512 
0.0525501 0.516773 0.406141 0.0245355 
0.00208384 0.247 0.524396 0.22652 
0.00370618 0.284674 0.443261 0.268359 
0.0529356 0.650715 0.291466 0.00488306 
0.00493305 0.278558 0.637575 0.0789336 
0.0656146 0.326755 0.60584 0.00179058 
0.051126 0.460041 0.464452 0.0243807 
0.0104787 0.447634 0.541456 0.000430439 
0.0539234 0.472063 0.468894 0.00511996 
0.0861771 0.460647 0.452918 0.000257797 
0.0432764 0.506087 0.426288 0.0243488 
0.056552 0.378325 0.561545 0.00357835 
0.137302 0.41481 0.392787 0.0551013 
0.0851049 0.527149 0.326558 0.0611884 
0.0316737 0.339784 0.621251 0.00729138 
0.24075 0.467857 0.290863 0.000530388 
0.0269176 0.414305 0.545901 0.0128766 
0.119386 0.485577 0.374112 0.0209249 
0.0514264 0.257685 0.588583 0.102305 
0.146798 0.350358 0.493794 0.00904949 
0.0600422 0.315264 0.620434 0.00425942 
0.26436 0.21104 0.459731 0.0648679 
0.137178 0.515852 0.345599 0.00137129 
0.22956 0.271305 0.498115 0.00102006 
0.0502134 0.444809 0.486717 0.0182604 
0.0699615 0.234368 0.659402 0.0362687 
0.0825363 0.394507 0.522912 4.43377e-05 
0.0474272 0.251873 0.697111 0.00358878 
0.173425 0.505842 0.320625 0.000107854 
0.0106779 0.355325 0.631462 0.00253523 
0.11727 0.389713 0.472338 0.0206798 
0.0461564 0.596259 0.357566 1.89036e-05 
0.0578748 0.340114 0.575177 0.0268341 
0.0309958 0.232993 0.65297 0.0830411 
0.234002 0.319685 0.420623 0.02569 
0.0750772 0.179944 0.683078 0.0619003 
0.0771215 0.398126 0.473571 0.0511812 
0.151375 0.195709 0.636816 0.0161001 
0.0136291 0.265589 0.574317 0.146465 
0.0197485 0.380386 0.592436 0.00742986 
0.0970037 0.438651 0.463763 0.000582681 
0.0573053 0.437187 0.503253 0.00225428 
0.0409961 0.40299 0.53545 0.0205634 
0.0650323 0.124136 0.798549 0.0122836 
0.0187305 0.244226 0.721333 0.0157098 
0.00317912 0.206419 0.738091 0.052311 
0.0509712 0.532259 0.416586 0.000183933 
0.0862931 0.466231 0.289678 0.157797 
0.223359 0.499199 0.257587 0.0198537 
0.0198348 0.412848 0.519943 0.0473737 
0.241942 0.307046 0.335459 0.115552 
0.0491271 0.255591 0.694485 0.0007973 
0.142501 0.41576 0.441556 0.000184135 
0.0695498 0.401167 0.441455 0.0878275 
0.00635507 0.237672 0.74676 0.00921301 
0.134528 0.42044 0.440158 0.00487343 
0.0084423 0.339465 0.634615 0.0174777 
0.0774343 0.256274 0.615606 0.0506864 
0.187868 0.326109 0.3884 0.0976235 
0.0688467 0.486801 0.430216 0.0141364 
0.183505 0.303506 0.50805 0.00493915 
0.0844387 0.40978 0.494311 0.0114698 
0.216926 0.44225 0.33972 0.00110443 
0.0111983 0.401771 0.562987 0.0240432 
0.0745789 0.293304 0.624591 0.00752664 
0.0380539 0.299363 0.656917 0.00566653 
0.0425539 0.306328 0.651077 4.12991e-05 
0.0734884 0.492818 0.394288 0.0394061 
0.297921 0.339996 0.34442 0.0176627 
0.0699287 0.320343 0.609652 7.62011e-05 
0.101249 0.357797 0.51899 0.0219637 
0.229258 0.197002 0.508361 0.0653787 
0.0181377 0.398405 0.514894 0.0685639 
0.0289806 0.414375 0.546523 0.0101214 
0.108746 0.459829 0.391387 0.0400374 
0.0642293 0.322965 0.611296 0.0015102 
0.0209076 0.568959 0.397237 0.0128964 
0.0634824 0.343184 0.584278 0.00905608 
0.203383 0.31803 0.458165 0.0204216 
0.12046 0.428235 0.42997 0.0213354 
0.183884 0.272117 0.4519 0.0920992 
0.0200234 0.395979 0.581104 0.00289358 
0.100475 0.526278 0.352407 0.0208407 
0.167364 0.400698 0.428131 0.00380737 
0.0710647 0.35674 0.56626 0.00593516 
0.0480687 0.314302 0.529216 0.108413 
0.0589717 0.384061 0.556498 0.000469378 
0.124008 0.311862 0.559371 0.00475858 
0.0946736 0.330285 0.574499 0.000542147 
0.0221167 0.461371 0.454289 0.0622239 
0.00456075 0.350814 0.641819 0.00280638 
0.0509274 0.26105 0.686055 0.00196744 
0.182734 0.205764 0.601486 0.0100165 
0.0479507 0.27181 0.679824 0.000415084 
0.367538 0.255503 0.366768 0.0101913 
0.00103643 0.586348 0.407093 0.00552246 
0.0155865 0.308662 0.568783 0.106969 
0.169341 0.301009 0.529175 0.000474881 
0.150528 0.349325 0.487084 0.0130634 
0.0933282 0.38621 0.511904 0.00855748 
0.0197863 0.322456 0.577058 0.080699 
0.107657 0.342131 0.374056 0.176156 
0.00606967 0.626113 0.353636 0.0141806 
0.0635001 0.305282 0.28042 0.350797 
0.0633889 0.345527 0.561609 0.0294752 
0.0757575 0.436168 0.459118 0.0289563 
0.0307742 0.245629 0.65399 0.0696074 
0.0408534 0.546605 0.410976 0.00156482 
0.00636825 0.15994 0.717279 0.116413 
0.012295 0.215859 0.770744 0.0011013 
0.0510828 0.389886 0.538119 0.0209125 
0.105995 0.195943 0.686482 0.0115808 
0.0747493 0.2462 0.644901 0.0341503 
0.115984 0.458024 0.349076 0.0769166 
0.150604 0.340824 0.414854 0.0937185 
0.029114 0.314589 0.519916 0.136381 
0.090968 0.192952 0.670704 0.0453754 
0.118858 0.422822 0.449686 0.00863284 
0.00205778 0.445655 0.550303 0.00198508 
0.0181236 0.110726 0.858617 0.0125335 
0.000498715 0.392014 0.586234 0.0212535 
0.0136532 0.463589 0.44799 0.0747672 
0.146784 0.301798 0.548265 0.00315303 
0.07356 0.546556 0.336038 0.0438459 
0.00712163 0.203977 0.716806 0.072095 
0.231939 0.411103 0.292881 0.0640767 
0.0299978 0.457981 0.462215 0.0498067 
0.071393 0.208496 0.706927 0.0131832 
0.0450739 0.298597 0.65506 0.00126878 
0.00195261 0.287655 0.675453 0.034939 
0.0293051 0.340218 0.630366 0.000110848 
0.128208 0.176525 0.690151 0.00511595 
0.00825859 0.586737 0.362125 0.0428801 
0.0107968 0.292215 0.695805 0.00118247 
0.00882794 0.187105 0.79627 0.00779652 
0.121497 0.449542 0.428825 0.000136314 
0.101738 0.411047 0.404635 0.0825805 
0.0424211 0.447687 0.5029 0.00699174 
0.0814412 0.443941 0.471087 0.00353093 
0.43546 0.169199 0.336 0.0593412 
0.10487 0.302971 0.581221 0.0109372 
0.1289 0.26671 0.577313 0.0270775 
0.0129771 0.730184 0.248134 0.00870518 
0.0299627 0.462821 0.472378 0.034839 
0.105545 0.337581 0.471184 0.08569 
0.0568759 0.390958 0.537067 0.015099 
0.103103 0.516063 0.243732 0.137101 
0.0775581 0.433401 0.444691 0.0443499 
0.100431 0.530591 0.32941 0.0395674 
0.139487 0.336894 0.510348 0.0132707 
0.00173421 0.421669 0.449458 0.127138 
0.139908 0.563544 0.275051 0.0214972 
0.0383993 0.224871 0.677012 0.0597185 
0.0497426 0.508309 0.415792 0.0261561 
0.0428496 0.544083 0.412428 0.000639493 
0.0203767 0.257752 0.721844 2.66201e-05 
0.0304762 0.744725 0.224623 0.000176477 
0.119148 0.377104 0.445938 0.0578092 
0.20401 0.380492 0.412747 0.00275056 
0.0199015 0.411409 0.49735 0.0713398 
0.0723169 0.621594 0.305362 0.000726428 
0.121258 0.169305 0.681969 0.0274678 
0.261845 0.233121 0.500651 0.00438226 
0.0164593 0.499185 0.438267 0.0460892 
0.0652759 0.287793 0.64638 0.000551093 
0.0461238 0.392527 0.556981 0.00436828 
0.00833268 0.444323 0.545357 0.00198793 
0.0224994 0.304817 0.606236 0.0664478 
0.0304244 0.608249 0.294164 0.0671621 
0.350509 0.400172 0.146472 0.102847 
0.0788409 0.201487 0.658341 0.0613313 
0.0111404 0.54313 0.412282 0.033448 
0.102832 0.42239 0.471536 0.00324256 
0.129695 0.398365 0.333412 0.138527 
0.0137176 0.368376 0.617602 0.000304347 
0.0717046 0.57918 0.346001 0.00311496 
0.041066 0.422317 0.472884 0.0637329 
0.029795 0.457352 0.510946 0.00190691 
0.209177 0.646084 0.131949 0.0127892 
0.0592146 0.721042 0.218189 0.00155415 
0.0168381 0.425858 0.54768 0.00962394 
0.0236938 0.61516 0.326689 0.0344572 
0.0862992 0.451686 0.455712 0.00630239 
0.0502382 0.410791 0.464821 0.0741499 
0.360392 0.329099 0.277136 0.0333735 
0.0440431 0.581364 0.368364 0.00622913 
0.00662098 0.465125 0.521167 0.00708676 
0.0102843 0.828309 0.15688 0.0045267 
0.22551 0.406267 0.327571 0.040652 
0.00161408 0.308223 0.687902 0.00226123 
0.104092 0.388675 0.505369 0.00186413 
0.032742 0.589426 0.354599 0.0232329 
0.0769887 0.212207 0.70097 0.00983457 
