0.2661 0.40548 0.328308 0.00011224 
0.0432693 0.164553 0.662326 0.129851 
0.111373 0.362151 0.513794 0.0126816 
0.0501435 0.195694 0.753195 0.000967588 
0.0744131 0.319211 0.510223 0.0961523 
0.0667869 0.261191 0.62792 0.044102 
0.195496 0.556104 0.244584 0.00381713 
0.0759071 0.487776 0.423857 0.0124594 
0.317748 0.226832 0.427493 0.0279274 
0.0413841 0.587214 0.368965 0.0024373 
0.038937 0.260076 0.700957 3.06484e-05 
0.0558316 0.542596 0.369955 0.0316176 
0.0249118 0.313489 0.660021 0.001578 
0.0147504 0.527814 0.448327 0.00910912 
0.0200044 0.418452 0.541956 0.0195872 
0.0781816 0.349004 0.565169 0.00764554 
0.43467 0.217895 0.346457 0.000978256 
0.00621206 0.611448 0.262345 0.119995 
0.0385832 0.417298 0.487042 0.0570774 
0.0291859 0.475692 0.490652 0.00447095 
0.147825 0.267105 0.408087 0.176983 
0.030081 0.476224 0.384421 0.109274 
0.184294 0.312543 0.502112 0.00105041 
0.218238 0.338202 0.42414 0.0194197 
0.501487 0.272981 0.216262 0.00926928 
0.184634 0.340638 0.46288 0.0118483 
0.307714 0.29407 0.367106 0.031111 
0.0545502 0.320153 0.60937 0.0159268 
0.00902039 0.243934 0.732056 0.0149895 
0.0265401 0.472315 0.499275 0.00187043 
0.0296496 0.430769 0.538611 0.000970464 
0.0869675 0.569893 0.315415 0.0277249 
0.0899919 0.422475 0.481044 0.00648904 
0.0784624 0.512189 0.409345 3.65251e-06 
0.000287179 0.369283 0.551655 0.0787747 
0.202182 0.486609 0.309655 0.00155395 
0.00337883 0.495148 0.495084 0.00638983 
0.00128104 0.49119 0.504941 0.00258812 
0.225852 0.435232 0.338301 0.000614533 
0.0934535 0.431729 0.444394 0.0304229 
0.0405985 0.308004 0.50766 0.143738 
0.125175 0.534285 0.314016 0.0265245 
0.0191708 0.522894 0.370486 0.0874497 
0.189862 0.307416 0.488625 0.0140978 
0.0456555 0.588712 0.365352 0.000280803 
0.0238957 0.615609 0.245934 0.114562 
0.0483582 0.58119 0.319817 0.0506354 
0.00274087 0.466899 0.520758 0.00960172 
0.139421 0.16877 0.539793 0.152015 
0.00561441 0.466301 0.459849 0.0682356 
0.0724881 0.349993 0.54029 0.0372294 
0.112532 0.544953 0.340492 0.00202309 
0.48317 0.132768 0.37532 0.00874194 
0.0338026 0.304606 0.660126 0.00146542 
0.105173 0.383708 0.504608 0.00651103 
0.0703861 0.4366 0.370418 0.122596 
0.22111 0.220375 0.55851 4.38541e-06 
0.0108513 0.421941 0.561862 0.00534578 
0.00828594 0.405734 0.549806 0.0361738 
0.150136 0.325667 0.393016 0.131181 
0.304691 0.222792 0.451482 0.0210355 
0.0898791 0.374273 0.530075 0.00577264 
0.0444338 0.737627 0.21786 7.8969e-05 
0.109496 0.289479 0.598633 0.0023919 
0.060584 0.495273 0.42407 0.0200728 
0.164569 0.437666 0.395954 0.00181212 
0.157578 0.283788 0.517708 0.0409259 
0.123334 0.258387 0.593472 0.0248073 
0.0847216 0.295562 0.619716 7.99771e-08 
0.107128 0.230247 0.60432 0.0583045 
0.163048 0.444236 0.342263 0.0504531 
0.0826018 0.354378 0.422052 0.140968 
0.101236 0.112536 0.775587 0.0106409 
0.0669224 0.354317 0.505691 0.0730689 
0.163627 0.394808 0.399351 0.0422143 
0.118189 0.533646 0.346902 0.00126282 
0.189378 0.282498 0.452359 0.0757646 
0.289979 0.18288 0.526376 0.000765078 
0.0303385 0.651822 0.292316 0.025524 
0.0850226 0.261769 0.634395 0.0188132 
0.0757513 0.450054 0.460374 0.0138201 
0.00410748 0.405975 0.543392 0.0465261 
0.36146 0.250869 0.303055 0.0846156 
0.0389821 0.397897 0.341505 0.221616 
0.0325998 0.295321 0.639441 0.0326381 
0.0141567 0.405998 0.579516 0.000329007 
0.0687742 0.476776 0.43067 0.0237797 
0.0814743 0.286149 0.585527 0.0468493 
0.0320207 0.377663 0.576974 0.013342 
0.103797 0.506221 0.376291 0.0136918 
0.0308993 0.638568 0.323483 0.00705005 
0.0558272 0.463167 0.474812 0.00619392 
0.0207976 0.586988 0.233297 0.158918 
0.0117696 0.234044 0.649183 0.105003 
0.191185 0.0908229 0.69958 0.0184122 
0.0238571 0.214982 0.480568 0.280592 
0.0906104 0.375515 0.533847 2.73854e-05 
0.0211597 0.602275 0.372775 0.00379011 
0.0209802 0.470938 0.483482 0.0246 
0.00588833 0.476579 0.48694 0.0305927 
0.117155 0.488419 0.37124 0.0231865 
0.251738 0.520991 0.226347 0.000923978 
0.0115331 0.388176 0.593129 0.00716101 
0.0271433 0.361338 0.517723 0.0937955 
0.148119 0.428799 0.422765 0.000316749 
0.0262221 0.356385 0.604736 0.0126569 
0.103808 0.569584 0.318035 0.00857334 
0.0121181 0.30468 0.668231 0.0149713 
0.0299253 0.619654 0.328068 0.0223528 
0.0184296 0.336363 0.636652 0.00855557 
0.114553 0.374386 0.506553 0.0045079 
0.0570297 0.354914 0.564741 0.0233152 
0.0616044 0.242857 0.693845 0.00169347 
0.00805238 0.706855 0.177978 0.107115 
0.0861143 0.644638 0.251589 0.0176585 
0.191222 0.325274 0.443281 0.0402235 
0.0810348 0.421533 0.377568 0.119864 
0.119841 0.359973 0.515924 0.00426279 
0.041078 0.411301 0.542973 0.00464801 
0.00808077 0.337387 0.53674 0.117792 
0.00825228 0.667656 0.307572 0.0165201 
0.119417 0.227638 0.645613 0.00733269 
0.0367008 0.474551 0.479653 0.00909501 
0.000911752 0.292396 0.705758 0.000934084 
0.072719 0.303945 0.542739 0.080597 
0.0673019 0.255618 0.616045 0.0610356 
0.156436 0.554124 0.280786 0.00865483 
0.169709 0.472391 0.24966 0.108241 
0.0307461 0.305279 0.655745 0.00822961 
0.0706516 0.48155 0.418141 0.029657 
0.019951 0.483859 0.475856 0.0203347 
0.0199001 0.68934 0.286743 0.00401742 
0.175825 0.19988 0.619726 0.00456858 
0.0667749 0.420766 0.475273 0.0371862 
0.0713466 0.36581 0.562248 0.000595857 
0.0785151 0.466821 0.447456 0.00720799 
0.0181809 0.263921 0.658009 0.0598889 
0.0405749 0.240637 0.694071 0.0247164 
0.0439937 0.375849 0.55908 0.0210776 
0.0467325 0.295751 0.547495 0.110022 
0.0296486 0.376566 0.576071 0.0177144 
0.0456256 0.33117 0.622287 0.000917174 
0.119184 0.150164 0.544599 0.186054 
0.248484 0.367386 0.38232 0.00181031 
0.020914 0.672035 0.271953 0.0350977 
0.0445764 0.346108 0.438892 0.170424 
0.0126049 0.499252 0.349408 0.138735 
0.0379877 0.408568 0.520223 0.0332209 
0.0227424 0.447744 0.469641 0.0598727 
0.0479923 0.553634 0.347806 0.0505685 
0.098902 0.378639 0.450648 0.0718105 
0.115694 0.481728 0.372178 0.0303999 
0.0646227 0.514047 0.382789 0.0385418 
0.109576 0.384547 0.488307 0.0175697 
0.00378173 0.227933 0.752154 0.0161319 
0.00316066 0.275221 0.701017 0.0206014 
0.106204 0.479355 0.408332 0.00610925 
0.142159 0.52219 0.297519 0.038132 
0.218089 0.358908 0.32841 0.0945936 
0.0576678 0.569822 0.371432 0.00107756 
0.0544817 0.421998 0.523057 0.000463085 
0.0873206 0.499186 0.410842 0.0026515 
0.0709918 0.54008 0.347014 0.0419148 
0.250991 0.340629 0.406523 0.00185752 
0.0868556 0.304768 0.607833 0.000543337 
0.0279534 0.629869 0.298774 0.0434033 
0.0531222 0.50022 0.320067 0.126591 
0.0116811 0.461943 0.478345 0.0480311 
0.00752572 0.280195 0.673903 0.0383758 
0.137539 0.454483 0.395333 0.0126451 
0.00791849 0.58915 0.271502 0.13143 
0.212147 0.386662 0.39055 0.0106408 
0.0278311 0.548153 0.356098 0.0679182 
0.0374075 0.255082 0.69132 0.0161902 
0.0411017 0.470968 0.437377 0.0505532 
0.0728111 0.108988 0.810526 0.00767542 
0.126043 0.494726 0.375759 0.0034723 
0.207404 0.209151 0.576338 0.00710661 
0.144471 0.262948 0.564711 0.0278697 
0.0281235 0.417364 0.551364 0.0031486 
0.0261491 0.528865 0.431028 0.0139579 
0.0578124 0.396581 0.545381 0.000226001 
0.00449161 0.71735 0.224103 0.054056 
0.0686377 0.418347 0.437153 0.075862 
0.0435539 0.220829 0.731978 0.00363938 
0.0279686 0.244268 0.713662 0.0141013 
0.119546 0.491086 0.358624 0.0307445 
0.0803744 0.296279 0.569673 0.0536728 
0.0722338 0.333203 0.559089 0.0354744 
0.033939 0.336693 0.540125 0.0892425 
0.238045 0.216257 0.537484 0.00821424 
0.0584638 0.329883 0.516439 0.0952142 
0.368187 0.236078 0.364156 0.0315789 
0.0511408 0.334786 0.606528 0.00754458 
0.105738 0.345085 0.521532 0.0276444 
0.0901684 0.284655 0.61003 0.015146 
0.100519 0.2577 0.599525 0.0422555 
0.103901 0.511847 0.372993 0.0112597 
0.0247048 0.281491 0.682749 0.0110545 
0.0990442 0.492196 0.406423 0.00233631 
0.128352 0.425773 0.164322 0.281553 
0.184957 0.231535 0.52441 0.0590987 
0.0804171 0.391238 0.524181 0.00416383 
0.203895 0.330663 0.464086 0.00135606 
0.119736 0.700906 0.174348 0.00500977 
0.0874295 0.284648 0.611733 0.0161893 
0.223528 0.290264 0.484756 0.00145243 
0.0117033 0.557014 0.372769 0.0585138 
0.0484895 0.485916 0.463236 0.00235878 
0.0321725 0.387888 0.558934 0.0210052 
0.00253752 0.441967 0.448883 0.106612 
0.0847537 0.489985 0.425099 0.00016222 
0.0710672 0.481272 0.423316 0.0243442 
0.113869 0.148345 0.736877 0.000908131 
0.0621847 0.386806 0.412046 0.138963 
0.00303347 0.220813 0.773791 0.00236207 
0.108879 0.514616 0.360238 0.0162672 
0.0163488 0.580634 0.390381 0.012636 
0.129792 0.52408 0.328271 0.0178561 
0.208558 0.487445 0.298116 0.00588099 
0.0356222 0.43906 0.490205 0.0351133 
0.0648561 0.574644 0.352318 0.00818195 
0.0922005 0.462848 0.378183 0.0667686 
0.0448672 0.256628 0.687509 0.0109957 
0.18123 0.326942 0.491572 0.000256632 
0.00934339 0.354976 0.60984 0.0258409 
0.0274717 0.386189 0.586314 2.53972e-05 
0.109291 0.151261 0.739448 1.18917e-06 
0.052483 0.347561 0.599538 0.000418405 
0.14704 0.481583 0.303923 0.0674541 
0.0408565 0.565235 0.370894 0.0230144 
0.0596132 0.400465 0.537186 0.00273617 
0.161711 0.469384 0.151708 0.217197 
0.0853653 0.594005 0.318801 0.00182898 
0.0425559 0.315321 0.529061 0.113062 
0.0738689 0.466397 0.442857 0.0168766 
0.0464152 0.192543 0.75981 0.00123183 
0.102837 0.499609 0.379577 0.0179771 
0.0225505 0.247814 0.675796 0.0538394 
0.131802 0.468178 0.399616 0.000403392 
0.0706338 0.163089 0.762221 0.00405593 
0.0336744 0.651129 0.272314 0.0428819 
0.0465368 0.228969 0.721416 0.0030785 
0.0505971 0.482649 0.360702 0.106052 
0.0296971 0.484002 0.486089 0.000211966 
0.0335077 0.371191 0.594803 0.000498394 
6.74877e-05 0.282968 0.691953 0.0250117 
0.279085 0.242274 0.478639 2.0646e-06 
0.0597366 0.595755 0.259547 0.0849618 
0.100377 0.298608 0.598184 0.00283088 
0.069463 0.311163 0.576633 0.0427407 
0.199245 0.23507 0.543805 0.0218807 
0.0066351 0.622185 0.323692 0.0474885 
0.00116171 0.270679 0.625778 0.102381 
0.00915497 0.438731 0.549028 0.00308682 
0.182542 0.271915 0.544844 0.000699196 
0.0503322 0.416537 0.494973 0.0381576 
0.036346 0.363459 0.590667 0.00952793 
0.195739 0.416336 0.357922 0.0300037 
0.10321 0.220446 0.629829 0.0465148 
0.0464022 0.34353 0.606671 0.00339667 
0.0545967 0.280375 0.662133 0.00289521 
0.146141 0.415318 0.415033 0.0235074 
0.065841 0.367477 0.438484 0.128198 
0.134064 0.541428 0.323332 0.00117639 
0.346558 0.353918 0.292189 0.0073345 
0.0848461 0.419066 0.45665 0.0394377 
0.0171994 0.70612 0.208302 0.0683785 
0.105165 0.409038 0.485784 1.2943e-05 
0.138758 0.285913 0.53395 0.0413786 
0.0242265 0.476348 0.43824 0.0611859 
0.169403 0.314227 0.430578 0.0857917 
0.00875177 0.376307 0.335423 0.279518 
0.0453955 0.576455 0.326101 0.0520494 
0.0834707 0.422682 0.411512 0.082335 
0.0111429 0.676399 0.310142 0.0023159 
0.147916 0.553683 0.273389 0.0250128 
0.0332925 0.52985 0.384422 0.052435 
0.0444566 0.492258 0.460145 0.00314032 
0.0665707 0.561089 0.370817 0.00152346 
0.0137789 0.245844 0.740261 0.000115921 
0.0252955 0.54632 0.426753 0.00163187 
0.160957 0.247778 0.558918 0.0323468 
0.0501457 0.283458 0.66333 0.00306566 
0.0417134 0.208203 0.696147 0.0539361 
0.0391518 0.463419 0.467079 0.0303505 
0.0601076 0.414759 0.520464 0.00466966 
0.00641715 0.543246 0.449165 0.0011718 
0.0953366 0.544636 0.349094 0.0109333 
0.0201887 0.608523 0.345456 0.0258331 
0.179369 0.563492 0.25298 0.00415945 
0.114522 0.61265 0.238683 0.0341455 
0.054432 0.105249 0.832575 0.00774396 
0.0974044 0.524088 0.378104 0.000403727 
0.120922 0.343058 0.422625 0.113395 
0.00273633 0.641901 0.28632 0.0690431 
0.0353105 0.550146 0.407266 0.00727738 
0.348238 0.242346 0.407352 0.00206428 
0.100447 0.522067 0.37735 0.000135897 
0.146108 0.489674 0.33823 0.025988 
0.0041502 0.356614 0.610319 0.0289164 
0.089705 0.284595 0.619268 0.00643238 
0.103263 0.242016 0.52529 0.129431 
0.123916 0.533829 0.340725 0.00153063 
0.075485 0.51409 0.393167 0.0172583 
0.0496768 0.301185 0.645679 0.0034593 
0.158209 0.651125 0.186784 0.00388129 
0.0360163 0.472274 0.434208 0.0575014 
0.0952843 0.4363 0.468223 0.000192923 
0.0457166 0.424178 0.511668 0.018437 
0.0518119 0.375662 0.572351 0.000174791 
0.00344999 0.375297 0.620418 0.000835064 
0.0954439 0.226798 0.559 0.118759 
0.104411 0.410509 0.410595 0.0744848 
0.00681685 0.24959 0.711818 0.0317751 
0.166833 0.342146 0.490243 0.000778089 
0.049043 0.676343 0.240787 0.0338266 
0.00394615 0.453448 0.47288 0.0697266 
0.0887741 0.358282 0.479526 0.0734179 
0.0974724 0.358164 0.544101 0.000262838 
0.00387537 0.228586 0.548543 0.218996 
0.00587208 0.313197 0.661466 0.0194649 
0.235794 0.266444 0.399651 0.0981111 
0.0403068 0.411164 0.398717 0.149812 
0.148339 0.409734 0.415708 0.0262192 
0.108926 0.397795 0.492868 0.000410861 
0.0134916 0.454624 0.497485 0.034399 
0.162975 0.67078 0.156801 0.00944346 
0.0788479 0.500402 0.404676 0.0160742 
0.0039508 0.518362 0.409466 0.0682212 
0.0143585 0.500969 0.466131 0.0185419 
0.0025956 0.546539 0.441427 0.00943815 
0.0291643 0.332692 0.637912 0.000231133 
0.0712874 0.33786 0.536325 0.0545283 
0.166087 0.206791 0.463668 0.163454 
0.143955 0.327436 0.484443 0.0441659 
0.0952759 0.305029 0.568131 0.0315643 
0.0395858 0.414429 0.533322 0.0126635 
0.050083 0.32429 0.61754 0.00808723 
0.0251785 0.297233 0.677578 1.02252e-05 
0.0236021 0.212065 0.612421 0.151912 
0.0354012 0.411465 0.522791 0.0303425 
0.011558 0.332657 0.59064 0.0651446 
0.0423046 0.344177 0.598549 0.014969 
0.0814007 0.477701 0.440151 0.000747185 
0.050497 0.610559 0.313577 0.0253666 
0.0308915 0.25052 0.718395 0.00019372 
0.0639566 0.550268 0.366911 0.0188635 
0.0481799 0.207545 0.646586 0.0976892 
0.091065 0.73739 0.15336 0.0181853 
0.132689 0.343019 0.522417 0.00187522 
0.0461084 0.307694 0.589653 0.056545 
0.0384835 0.335627 0.613504 0.0123849 
0.0188213 0.333818 0.647037 0.000324007 
0.0612965 0.355888 0.582816 3.11642e-08 
0.190629 0.45506 0.349627 0.00468357 
0.138898 0.405367 0.44816 0.00757478 
0.0309995 0.406464 0.535397 0.0271394 
0.180216 0.631443 0.165245 0.0230969 
0.07864 0.384914 0.536373 7.35358e-05 
0.0319667 0.546024 0.413875 0.0081341 
0.0127681 0.321447 0.537849 0.127936 
0.0540878 0.206099 0.713724 0.0260896 
0.0692352 0.613282 0.31634 0.00114279 
0.0276452 0.29287 0.593732 0.0857524 
0.00363273 0.170929 0.822546 0.00289219 
0.0602494 0.485195 0.408663 0.0458927 
0.00860002 0.336649 0.637378 0.0173727 
0.0349865 0.311498 0.637132 0.0163834 
0.0487012 0.401311 0.525845 0.0241432 
0.0215614 0.332038 0.51008 0.13632 
0.0921764 0.332185 0.567125 0.00851371 
0.0351076 0.329164 0.633154 0.00257396 
0.00782268 0.557187 0.406841 0.0281486 
0.086947 0.427606 0.34348 0.141968 
0.0038681 0.527033 0.452772 0.0163266 
0.106798 0.208748 0.594966 0.0894885 
0.120099 0.369745 0.491663 0.0184937 
0.0498117 0.603223 0.262023 0.0849422 
0.00288126 0.457333 0.525625 0.0141605 
0.00320499 0.231776 0.750784 0.0142345 
0.0976886 0.378516 0.363566 0.160229 
0.0781684 0.520965 0.392273 0.00859451 
0.0473273 0.21455 0.568294 0.169829 
0.0355132 0.685234 0.22862 0.0506324 
0.0623281 0.255672 0.680769 0.00123063 
0.0395766 0.551803 0.403702 0.00491785 
0.113063 0.481858 0.391198 0.0138815 
0.160953 0.323792 0.486078 0.0291769 
0.13662 0.35444 0.501368 0.00757252 
0.00178661 0.530824 0.393963 0.073426 
0.19696 0.429897 0.373143 8.49694e-07 
0.0146228 0.470131 0.494572 0.0206744 
0.0166347 0.587785 0.395011 0.000569802 
0.149743 0.415751 0.42952 0.00498622 
0.0218905 0.574416 0.360034 0.0436597 
0.0163901 0.222954 0.740603 0.0200532 
0.0489637 0.29364 0.524478 0.132918 
0.0534552 0.584219 0.345934 0.0163918 
0.0183492 0.257533 0.487425 0.236693 
0.00100073 0.343133 0.590951 0.064915 
0.0397069 0.431856 0.526262 0.00217473 
0.10567 0.291887 0.602052 0.000390792 
0.031354 0.684601 0.280661 0.00338325 
0.0258232 0.203056 0.769943 0.0011776 
0.311306 0.242428 0.445268 0.000998693 
0.230649 0.297182 0.471313 0.000855603 
0.229032 0.267057 0.469163 0.0347477 
0.0739784 0.587212 0.272717 0.0660927 
0.0732912 0.311067 0.611398 0.00424381 
0.097795 0.300571 0.525524 0.0761096 
0.0508886 0.489215 0.434067 0.0258291 
0.17545 0.307568 0.511936 0.00504545 
0.0760461 0.432249 0.473585 0.0181202 
0.126749 0.367905 0.447212 0.0581337 
0.0252325 0.512781 0.445801 0.0161852 
0.147204 0.500218 0.32332 0.0292584 
0.00884665 0.390517 0.464977 0.135659 
0.00998264 0.342556 0.634604 0.0128581 
0.140088 0.317566 0.468866 0.0734804 
0.0772091 0.437208 0.485582 1.11892e-06 
0.187473 0.517528 0.281801 0.0131981 
0.148714 0.27813 0.559608 0.0135487 
0.0209945 0.500043 0.475956 0.00300621 
0.0969342 0.483816 0.346888 0.0723612 
0.303358 0.304856 0.375887 0.0158996 
0.0275992 0.406342 0.54857 0.0174881 
0.24283 0.275079 0.482085 6.15398e-06 
0.0190795 0.186423 0.741763 0.0527339 
0.0017867 0.407034 0.447993 0.143186 
0.147404 0.36266 0.436694 0.053242 
0.0774114 0.299661 0.618644 0.00428328 
0.114457 0.330792 0.514932 0.0398193 
0.00522128 0.310044 0.666688 0.0180459 
0.200518 0.325233 0.416441 0.0578081 
0.155617 0.399569 0.422199 0.0226149 
0.0722869 0.129134 0.775596 0.0229833 
0.0134801 0.307985 0.657295 0.0212399 
0.0109113 0.618968 0.356415 0.0137054 
0.0768639 0.461455 0.40898 0.0527011 
0.0381151 0.587575 0.339436 0.0348739 
0.0013652 0.644831 0.309525 0.0442788 
0.0325473 0.326027 0.568885 0.0725408 
0.107548 0.454101 0.43835 3.40701e-07 
0.0938886 0.298514 0.595635 0.0119622 
0.0771729 0.165009 0.748895 0.00892259 
0.0316852 0.313894 0.643177 0.0112441 
0.0243996 0.436121 0.530771 0.00870874 
0.0408124 0.334776 0.624005 0.00040637 
0.0164127 0.36005 0.620758 0.00277879 
0.0876812 0.377082 0.28468 0.250557 
0.000962885 0.486397 0.512304 0.000335663 
0.170949 0.302125 0.525809 0.00111788 
0.0774994 0.354707 0.567542 0.000251164 
0.0575053 0.187435 0.690198 0.0648617 
0.101344 0.509212 0.366365 0.023079 
0.0751627 0.332508 0.590341 0.00198808 
0.015659 0.373272 0.52164 0.0894282 
0.0297102 0.273592 0.549571 0.147127 
0.0877825 0.382521 0.358348 0.171349 
0.119185 0.178415 0.677915 0.024484 
0.246473 0.380134 0.368009 0.00538499 
0.0429078 0.680607 0.245543 0.030942 
0.0595876 0.385963 0.497894 0.0565556 
0.055122 0.650329 0.280119 0.0144298 
0.0640636 0.541881 0.390726 0.00332995 
0.0884759 0.611863 0.278974 0.0206873 
0.00112123 0.78289 0.201577 0.014412 
0.186685 0.408223 0.403194 0.00189743 
0.194658 0.330701 0.466895 0.00774588 
0.0905449 0.363357 0.533953 0.0121451 
0.0997932 0.489696 0.405247 0.00526354 
0.0419389 0.588209 0.36093 0.00892219 
0.171385 0.47964 0.346458 0.00251708 
0.152303 0.35338 0.376988 0.11733 
0.117351 0.299968 0.567979 0.0147023 
0.101069 0.249288 0.569446 0.0801973 
0.00427667 0.273991 0.698893 0.0228396 
0.00108593 0.326319 0.667945 0.00465021 
0.0536659 0.477413 0.46147 0.00745045 
0.0592137 0.363496 0.575494 0.00179621 
0.0192946 0.322804 0.583734 0.074168 
0.0812119 0.384226 0.529598 0.0049644 
0.148278 0.51605 0.335654 1.71072e-05 
0.0183134 0.295335 0.575586 0.110766 
0.054175 0.61471 0.330269 0.000845421 
0.0244018 0.426235 0.541833 0.00753001 
0.0495041 0.297763 0.650727 0.00200591 
0.0602606 0.417105 0.400321 0.122313 
0.0236224 0.437223 0.517101 0.022054 
0.195349 0.453208 0.33857 0.0128731 
0.174283 0.159691 0.542983 0.123043 
0.143722 0.313261 0.541021 0.00199518 
0.00877163 0.504603 0.457952 0.0286739 
0.125257 0.372888 0.472242 0.0296125 
0.0102055 0.553072 0.321553 0.11517 
0.0452079 0.489011 0.465634 0.000147135 
0.0619132 0.518241 0.404302 0.0155438 
0.25265 0.32052 0.426197 0.000632873 
0.109892 0.419951 0.342369 0.127788 
0.0403132 0.521037 0.410224 0.0284264 
0.0270514 0.398189 0.568944 0.00581616 
0.253533 0.334181 0.412083 0.000203086 
0.157495 0.512881 0.273852 0.0557725 
0.0884244 0.235821 0.675522 0.000232377 
0.0162671 0.364521 0.60599 0.0132214 
0.0701202 0.313506 0.594443 0.0219306 
0.0534797 0.48932 0.457103 9.71511e-05 
0.0289723 0.308008 0.648029 0.0149909 
0.0137416 0.311335 0.657265 0.0176591 
0.0512635 0.627824 0.318299 0.00261332 
0.218882 0.448489 0.276368 0.0562605 
0.0123322 0.65676 0.300683 0.0302258 
0.0326842 0.389459 0.556199 0.0216573 
0.0619864 0.380271 0.509533 0.04821 
0.0224745 0.359063 0.445207 0.173255 
0.0202999 0.363172 0.61574 0.000788681 
0.0215135 0.479766 0.376875 0.121845 
0.0156342 0.48483 0.497705 0.00183055 
0.0401653 0.485652 0.421901 0.0522814 
0.0132756 0.232471 0.689793 0.0644598 
0.0231437 0.30923 0.654922 0.0127039 
0.141912 0.399629 0.4584 5.85764e-05 
0.0544312 0.360165 0.508972 0.0764316 
0.0394717 0.356621 0.60344 0.000467103 
0.0390042 0.621898 0.312228 0.0268696 
0.0116877 0.511079 0.476634 0.000599053 
0.405329 0.278218 0.311063 0.00538928 
0.026644 0.202947 0.716199 0.0542098 
0.0422334 0.767679 0.190051 3.71629e-05 
0.172814 0.473715 0.35178 0.00169102 
0.088352 0.466644 0.4422 0.00280399 
0.00453758 0.341301 0.620661 0.0335007 
0.0416715 0.379949 0.498018 0.0803614 
0.169105 0.41113 0.332186 0.0875781 
0.0312452 0.381166 0.581567 0.0060209 
0.0341607 0.41966 0.511384 0.0347955 
0.200136 0.189764 0.600778 0.00932199 
0.00330292 0.548787 0.43987 0.00803957 
0.00566483 0.702199 0.22802 0.0641169 
0.0257298 0.569192 0.404495 0.000583608 
0.0399998 0.274499 0.649169 0.0363331 
0.00868991 0.27186 0.681035 0.0384151 
0.108157 0.194005 0.486912 0.210926 
0.059371 0.370506 0.542092 0.0280308 
0.194421 0.290146 0.515322 0.000111147 
0.0625114 0.322301 0.560893 0.0542949 
0.226914 0.350244 0.421839 0.00100239 
0.00979632 0.441405 0.537866 0.0109332 
0.0308347 0.317634 0.582762 0.068769 
0.151977 0.413075 0.390226 0.044722 
0.19554 0.456334 0.343436 0.0046899 
0.244653 0.205754 0.521555 0.0280378 
0.119696 0.175665 0.64118 0.0634588 
0.0833517 0.499382 0.416977 0.000289538 
0.00895949 0.418555 0.541986 0.0304991 
0.0585119 0.367728 0.57165 0.00210996 
0.209775 0.487392 0.216331 0.0865024 
0.0177332 0.55682 0.425444 1.97366e-06 
0.106795 0.296075 0.573795 0.0233358 
0.0587056 0.330436 0.598583 0.0122749 
0.0916329 0.447784 0.436118 0.0244647 
0.256009 0.229026 0.511997 0.00296796 
0.161854 0.310589 0.525283 0.00227432 
0.101871 0.661608 0.236511 1.02793e-05 
0.0398268 0.293032 0.660216 0.00692507 
0.103715 0.15179 0.705642 0.0388529 
0.0854301 0.423069 0.38716 0.104341 
0.0506865 0.702326 0.232476 0.014511 
0.0176528 0.521517 0.459319 0.00151118 
0.0129046 0.363566 0.623456 7.30424e-05 
0.0315571 0.463413 0.466053 0.038977 
0.0119463 0.471155 0.515071 0.00182783 
0.154892 0.497808 0.321116 0.0261834 
0.0749082 0.256768 0.667638 0.000685258 
0.0644604 0.515156 0.413064 0.00731959 
0.00680397 0.627269 0.258403 0.107524 
0.0149413 0.585737 0.39919 0.00013232 
0.141039 0.455646 0.403274 4.13653e-05 
0.0771111 0.186314 0.531841 0.204734 
0.0180043 0.354837 0.62699 0.000169173 
0.02449 0.591873 0.362357 0.0212798 
0.0890807 0.316065 0.592284 0.00257027 
0.151404 0.505918 0.337359 0.00531901 
0.112498 0.428075 0.448032 0.0113947 
0.0256572 0.210748 0.762376 0.00121836 
0.265952 0.302321 0.400811 0.0309166 
0.0188362 0.432375 0.537521 0.0112678 
0.0464603 0.279479 0.64557 0.0284908 
0.105067 0.517905 0.373402 0.00362599 
0.0599623 0.391953 0.435577 0.112508 
0.0868084 0.292272 0.589243 0.0316763 
0.129925 0.148797 0.715183 0.00609515 
0.103003 0.342729 0.54633 0.00793822 
0.0401153 0.39267 0.523844 0.0433708 
0.0638094 0.198631 0.737527 3.23328e-05 
0.214461 0.341027 0.423586 0.0209261 
0.068913 0.356387 0.479597 0.0951025 
0.167204 0.393496 0.419683 0.0196168 
0.0172922 0.452298 0.500585 0.0298249 
0.063928 0.585094 0.335949 0.0150294 
0.0299101 0.461667 0.412342 0.0960804 
0.0306215 0.604714 0.35851 0.00615482 
0.225912 0.294499 0.478877 0.000712027 
0.129178 0.246777 0.615068 0.00897697 
0.121701 0.515737 0.361713 0.000849848 
0.00120405 0.159567 0.764203 0.0750261 
0.0259934 0.486359 0.48751 0.000137889 
0.179219 0.160578 0.652597 0.00760566 
0.0103709 0.19742 0.753758 0.0384512 
0.0754215 0.305562 0.501396 0.117621 
0.0344632 0.684605 0.279538 0.00139451 
0.0172771 0.350067 0.620007 0.0126491 
0.0581687 0.513061 0.414505 0.0142659 
0.00512948 0.452026 0.499472 0.0433725 
0.00141779 0.614916 0.382968 0.00069885 
0.125607 0.234867 0.603241 0.0362851 
0.0938218 0.672393 0.172514 0.0612712 
0.107335 0.434672 0.456037 0.00195571 
0.0876261 0.500957 0.392614 0.018802 
0.0322418 0.320214 0.633489 0.0140554 
0.0906172 0.197895 0.695818 0.0156695 
0.0685115 0.513213 0.370325 0.0479509 
0.128907 0.558173 0.29422 0.0187003 
0.122869 0.47431 0.39772 0.00510061 
0.0447269 0.526869 0.428337 6.77034e-05 
0.00732074 0.339128 0.651655 0.00189623 
0.0304285 0.411401 0.53128 0.0268909 
0.0319385 0.440246 0.495466 0.0323502 
0.142514 0.551487 0.178404 0.127595 
0.145862 0.344531 0.497626 0.0119818 
0.192487 0.434309 0.362543 0.010661 
0.0190762 0.3058 0.662707 0.0124161 
0.010999 0.234577 0.74961 0.0048136 
0.0481661 0.280696 0.667201 0.00393658 
0.0243124 0.201541 0.723846 0.0503009 
0.0893788 0.171002 0.717528 0.0220912 
0.0075722 0.286302 0.691582 0.0145438 
0.14165 0.324414 0.520984 0.0129516 
0.142702 0.475546 0.379861 0.00189094 
0.0640203 0.529864 0.40303 0.00308592 
0.0960417 0.521937 0.369097 0.012925 
0.260995 0.44233 0.296515 0.000160362 
0.0235372 0.404473 0.482414 0.0895757 
0.0276867 0.480944 0.48978 0.00158895 
0.0194053 0.161622 0.715609 0.103364 
0.107633 0.502125 0.3506 0.0396422 
0.146964 0.331459 0.513149 0.0084282 
0.169927 0.184464 0.637538 0.00807139 
0.163792 0.405512 0.335958 0.0947385 
0.0556224 0.157953 0.780334 0.00609143 
0.133892 0.25227 0.568841 0.0449962 
0.0916352 0.386067 0.410728 0.11157 
0.0195469 0.25276 0.699168 0.0285251 
0.146993 0.309042 0.543073 0.000892062 
0.101018 0.17502 0.721746 0.0022162 
0.0102698 0.563308 0.421644 0.00477787 
0.394602 0.201188 0.400978 0.00323245 
0.090069 0.338679 0.570956 0.000296229 
0.189266 0.481922 0.225705 0.103107 
0.083037 0.141661 0.737831 0.0374714 
0.0185186 0.511878 0.4357 0.0339029 
0.0470564 0.234543 0.718374 2.65647e-05 
0.196406 0.191851 0.440919 0.170824 
0.0340481 0.385973 0.568927 0.0110524 
0.0366351 0.502636 0.441692 0.0190373 
0.0213546 0.486132 0.467278 0.0252359 
0.0475825 0.398398 0.535377 0.0186425 
0.0183212 0.452386 0.487116 0.042177 
0.00415336 0.394295 0.601171 0.000381079 
0.0694765 0.330264 0.600258 5.77192e-07 
0.268087 0.234196 0.493311 0.0044064 
0.00848834 0.281418 0.702864 0.00723007 
0.00788909 0.309013 0.680597 0.0025013 
0.0254462 0.37785 0.591725 0.00497849 
0.0570614 0.163156 0.754261 0.025522 
0.103298 0.435515 0.33543 0.125757 
0.0248406 0.399127 0.546844 0.0291881 
0.0362672 0.444047 0.50462 0.0150666 
0.0159265 0.247078 0.711363 0.0256321 
0.131523 0.36698 0.500812 0.000685013 
0.0369009 0.453019 0.509708 0.000371575 
0.087294 0.499498 0.398293 0.0149146 
0.0960327 0.34731 0.50967 0.0469875 
0.10769 0.621855 0.22601 0.0444441 
0.00847167 0.526425 0.426091 0.039012 
0.0176932 0.525492 0.428629 0.0281858 
0.0872409 0.302949 0.609607 0.000203627 
0.0632016 0.332305 0.591272 0.0132207 
0.133371 0.344983 0.495203 0.0264435 
0.275395 0.298366 0.392339 0.033899 
0.00883131 0.61369 0.372253 0.00522553 
0.0942602 0.623793 0.239197 0.0427496 
0.0630275 0.217451 0.701178 0.0183432 
0.167672 0.247084 0.565194 0.0200504 
0.163947 0.296971 0.513145 0.0259373 
0.0795702 0.477733 0.435227 0.00746984 
0.0159014 0.593851 0.388289 0.00195859 
0.0777033 0.268782 0.498601 0.154914 
0.132946 0.373027 0.446315 0.0477117 
0.0169021 0.670868 0.261232 0.050998 
0.225626 0.421757 0.301115 0.0515013 
0.0295226 0.341412 0.625792 0.00327334 
0.00796728 0.314257 0.675268 0.00250791 
0.098033 0.573708 0.279802 0.0484573 
0.154982 0.399418 0.431657 0.013943 
0.014358 0.551558 0.39807 0.0360132 
0.0194618 0.655423 0.298554 0.0265617 
0.0179389 0.338311 0.599453 0.0442975 
0.0526717 0.590944 0.324422 0.0319624 
0.131494 0.231949 0.600685 0.0358709 
0.0999402 0.378611 0.520606 0.000842507 
0.034425 0.576432 0.278166 0.110977 
0.0183929 0.539789 0.259623 0.182195 
0.0239708 0.371651 0.599906 0.00447148 
0.0147881 0.410237 0.569161 0.00581457 
0.0815103 0.412671 0.411513 0.0943066 
0.0310854 0.323193 0.640737 0.00498475 
0.224896 0.596673 0.172949 0.00548164 
0.121316 0.562899 0.30637 0.00941553 
0.00443773 0.424261 0.54647 0.0248315 
0.175111 0.357699 0.436449 0.0307413 
0.254002 0.214842 0.522379 0.00877603 
0.136696 0.191048 0.546729 0.125527 
0.0207198 0.575733 0.402242 0.00130609 
0.0754856 0.560948 0.351956 0.0116099 
0.112912 0.306869 0.580021 0.000198477 
0.0355833 0.506531 0.454441 0.00344458 
0.0530641 0.545895 0.40005 0.000991219 
0.108218 0.259424 0.632257 0.000101078 
0.120417 0.426389 0.439498 0.013696 
0.0338389 0.546833 0.375829 0.0434995 
0.0790446 0.324628 0.539959 0.0563686 
0.254835 0.427911 0.312515 0.00473885 
0.0116266 0.363195 0.499032 0.126146 
0.122266 0.211328 0.600824 0.0655817 
0.0355734 0.354654 0.600525 0.00924717 
0.15249 0.504015 0.329731 0.0137637 
0.00603673 0.303073 0.659062 0.0318277 
0.063243 0.160835 0.750179 0.025743 
0.00963201 0.541502 0.435398 0.0134674 
0.0508681 0.216006 0.733059 6.76073e-05 
0.0217822 0.744053 0.198095 0.0360698 
0.0228783 0.34469 0.630231 0.0022 
0.0439069 0.341808 0.557286 0.0569989 
0.0843131 0.656466 0.259162 5.92695e-05 
0.168172 0.424175 0.40747 0.000183481 
0.273549 0.444976 0.276761 0.00471406 
4.13026e-05 0.47233 0.527611 1.72298e-05 
0.165734 0.486553 0.344716 0.00299768 
0.00195669 0.307971 0.61165 0.0784227 
0.083946 0.329758 0.492844 0.093452 
0.0546367 0.511304 0.433705 0.000354164 
0.0595235 0.192745 0.746556 0.00117524 
0.142855 0.258361 0.488963 0.109822 
0.0673202 0.394914 0.537765 1.63462e-06 
0.0666599 0.332478 0.569469 0.0313923 
0.0728757 0.548888 0.369616 0.00861966 
0.0217109 0.687983 0.236282 0.0540244 
0.0797069 0.301957 0.452065 0.166271 
0.0538253 0.347252 0.53752 0.0614017 
0.12815 0.398341 0.398067 0.075442 
0.111576 0.312218 0.448815 0.127391 
0.142555 0.568909 0.285843 0.00269278 
0.0901335 0.607783 0.301931 0.000152519 
0.0126424 0.232124 0.716305 0.0389284 
0.058754 0.372871 0.549534 0.0188417 
0.0895759 0.290264 0.591693 0.0284674 
0.0735504 0.470146 0.356912 0.099392 
0.162876 0.345768 0.448134 0.0432218 
0.00959566 0.243486 0.640123 0.106796 
0.0594773 0.538015 0.392275 0.0102319 
0.0404501 0.360394 0.594058 0.00509842 
0.0781702 0.448499 0.471373 0.00195729 
0.051154 0.303941 0.611164 0.0337406 
0.154227 0.522203 0.322072 0.00149836 
0.0395612 0.541545 0.395691 0.0232027 
0.104173 0.377934 0.402812 0.115081 
0.0819795 0.543905 0.28617 0.0879451 
0.117718 0.477422 0.387151 0.0177083 
0.0637748 0.356725 0.556931 0.0225699 
0.0284762 0.486467 0.435164 0.0498922 
0.0500722 0.588535 0.344687 0.0167053 
0.040231 0.54264 0.326937 0.0901924 
0.123111 0.369279 0.398 0.10961 
0.17254 0.454786 0.343969 0.0287043 
0.0220915 0.315544 0.636402 0.0259624 
0.0305614 0.34943 0.587996 0.0320131 
0.0559727 0.338574 0.601298 0.00415558 
0.0950646 0.199014 0.705256 0.000665286 
0.0491122 0.32126 0.57696 0.0526679 
0.039867 0.150479 0.754534 0.0551201 
0.000674511 0.447615 0.540055 0.0116549 
0.0297974 0.345923 0.514064 0.110216 
0.10339 0.532757 0.363847 5.63455e-06 
0.000382122 0.258022 0.673673 0.0679224 
0.0768446 0.298013 0.538186 0.0869563 
0.0747697 0.668381 0.156601 0.100248 
0.0424647 0.488189 0.469242 0.000104098 
0.0638492 0.384866 0.548991 0.00229395 
0.05772 0.574147 0.339192 0.0289413 
0.0464465 0.52312 0.430414 1.96681e-05 
0.116974 0.540281 0.298305 0.04444 
0.0738273 0.584836 0.337758 0.00357859 
0.106406 0.34959 0.539161 0.00484237 
0.0345247 0.459616 0.485089 0.0207706 
0.112077 0.502482 0.384893 0.000548485 
0.038345 0.526262 0.409078 0.0263154 
0.0759312 0.202446 0.594439 0.127184 
0.0158356 0.298192 0.684288 0.00168379 
0.0789037 0.544136 0.329275 0.0476854 
0.0157341 0.351686 0.554402 0.078178 
0.0125375 0.272992 0.707766 0.00670442 
0.226572 0.421536 0.332394 0.0194984 
0.0821604 0.413252 0.493868 0.010719 
0.172444 0.407378 0.368264 0.0519144 
0.121776 0.240415 0.636513 0.00129657 
0.106867 0.563329 0.315602 0.0142027 
0.217274 0.245676 0.536444 0.000605525 
0.0112095 0.211608 0.776599 0.000583411 
0.00739694 0.23245 0.717267 0.0428865 
0.0433235 0.307436 0.648243 0.00099766 
0.0233065 0.356636 0.545185 0.0748719 
0.0208264 0.204806 0.458341 0.316026 
0.0760045 0.522773 0.399891 0.0013318 
0.00011255 0.579894 0.368804 0.0511889 
0.11295 0.476262 0.403621 0.00716661 
0.282464 0.263162 0.44463 0.00974429 
0.0568042 0.348018 0.566362 0.0288154 
0.0341989 0.538821 0.400316 0.026664 
0.130513 0.306355 0.555641 0.00749133 
0.0918974 0.241706 0.639819 0.0265779 
0.101759 0.488755 0.399986 0.00950082 
0.129554 0.435899 0.431119 0.00342845 
0.0578358 0.453715 0.417481 0.0709682 
0.21925 0.280072 0.494863 0.00581434 
0.268125 0.33321 0.39643 0.00223518 
0.0655084 0.569845 0.362176 0.00247019 
0.0349675 0.656096 0.304799 0.00413658 
0.131373 0.530159 0.300732 0.0377357 
0.100085 0.527809 0.368933 0.00317258 
0.120688 0.417988 0.3544 0.106924 
0.116458 0.37404 0.409277 0.100225 
0.0688856 0.347126 0.433959 0.15003 
0.0608905 0.538589 0.389002 0.0115189 
0.0847312 0.363839 0.550429 0.000999908 
0.0376863 0.380647 0.508053 0.0736135 
0.0948919 0.328826 0.55694 0.0193421 
0.0516666 0.632768 0.300307 0.0152585 
0.0423733 0.444656 0.504353 0.00861866 
0.0912635 0.463144 0.413944 0.0316484 
0.0711744 0.329238 0.59942 0.000167681 
0.154815 0.256242 0.587208 0.00173411 
0.0432328 0.4428 0.472836 0.0411305 
0.0703299 0.454346 0.330669 0.144655 
0.0545286 0.363427 0.581675 0.000368756 
0.146602 0.392447 0.459123 0.00182814 
0.0685961 0.495444 0.434297 0.0016622 
0.0999381 0.3126 0.412614 0.174848 
0.0763161 0.281611 0.503061 0.139012 
0.0103969 0.334198 0.626555 0.0288496 
0.0867552 0.445912 0.445102 0.0222314 
0.0171058 0.316914 0.62234 0.0436402 
0.140907 0.423989 0.349351 0.085754 
0.0920023 0.500567 0.403894 0.00353674 
0.0768707 0.246186 0.676162 0.000780739 
0.0768864 0.252621 0.667484 0.00300864 
0.00324353 0.191057 0.704855 0.100845 
0.0578746 0.199781 0.654947 0.0873968 
0.0339426 0.585133 0.380919 5.40019e-06 
0.0737253 0.473109 0.430065 0.0231009 
0.0357899 0.325811 0.498177 0.140222 
0.00977395 0.627489 0.362331 0.000406483 
0.147419 0.372235 0.478459 0.00188732 
0.118483 0.462739 0.418375 0.000403794 
0.193282 0.296499 0.46242 0.0477993 
0.181306 0.173399 0.642929 0.00236608 
0.105617 0.261954 0.616035 0.0163947 
0.173154 0.617872 0.181222 0.0277528 
0.0984411 0.524173 0.285712 0.0916739 
0.00289439 0.34832 0.585618 0.0631678 
0.0156434 0.346108 0.635859 0.00238989 
0.225757 0.354386 0.418084 0.00177418 
0.172663 0.41031 0.412004 0.00502404 
0.0586691 0.394134 0.539005 0.00819142 
0.0139441 0.229904 0.752857 0.00329435 
0.0157656 0.384335 0.598063 0.00183678 
0.0172549 0.649003 0.314536 0.0192068 
0.124944 0.332599 0.534915 0.00754198 
0.0382545 0.451833 0.406567 0.103345 
0.0602435 0.182936 0.742376 0.0144444 
0.172325 0.412104 0.407462 0.00810943 
0.124431 0.702606 0.168624 0.00433943 
0.207692 0.490022 0.301319 0.000966057 
0.069677 0.61256 0.308767 0.0089961 
0.0431045 0.503014 0.453874 7.64847e-06 
0.0956935 0.369667 0.507903 0.0267364 
0.0240894 0.404971 0.479159 0.0917805 
0.028746 0.606747 0.341394 0.0231135 
0.0156526 0.383358 0.387901 0.213089 
0.113521 0.425164 0.46089 0.00042479 
0.106048 0.369253 0.385281 0.139418 
0.161721 0.33889 0.497584 0.00180479 
0.119526 0.470189 0.409947 0.000338183 
0.0145196 0.449462 0.535832 0.000186015 
0.082542 0.566816 0.350591 5.0677e-05 
0.0246862 0.44519 0.52716 0.00296398 
0.0179623 0.183275 0.660437 0.138327 
0.300232 0.273447 0.374982 0.0513392 
0.0652714 0.372476 0.561813 0.00043965 
0.127416 0.176584 0.689588 0.006412 
0.0316563 0.392578 0.553933 0.0218331 
0.264034 0.297275 0.43356 0.00513106 
0.0349098 0.622155 0.195282 0.147653 
0.0192304 0.51087 0.469091 0.000808647 
0.209983 0.290815 0.486099 0.0131032 
0.0136411 0.277064 0.521529 0.187765 
0.00986354 0.77175 0.215098 0.00328873 
0.0507407 0.590187 0.285169 0.0739033 
0.0776121 0.476817 0.445362 0.00020845 
0.0190976 0.335814 0.622304 0.022785 
0.103102 0.235574 0.655786 0.00553804 
0.00296935 0.393463 0.582645 0.0209222 
0.182308 0.157781 0.65985 6.13234e-05 
0.184012 0.540063 0.271351 0.00457513 
0.0558479 0.402723 0.487272 0.0541573 
0.0213625 0.33424 0.423916 0.220482 
0.0798487 0.368203 0.535838 0.0161105 
0.0202439 0.193535 0.786178 4.30965e-05 
0.0442941 0.605458 0.344244 0.0060044 
0.0936949 0.495229 0.329233 0.0818426 
0.270211 0.259808 0.469953 2.83516e-05 
0.113702 0.325179 0.421254 0.139865 
0.0937668 0.369086 0.389295 0.147852 
0.178748 0.457082 0.361117 0.00305293 
0.147508 0.150165 0.643138 0.0591887 
0.149343 0.481103 0.358364 0.0111896 
0.039318 0.593487 0.309231 0.0579647 
0.160704 0.512955 0.222063 0.104278 
0.0144682 0.464818 0.52023 0.000483814 
0.046392 0.413392 0.535994 0.00422211 
0.0423706 0.578116 0.36427 0.0152437 
0.0404465 0.278076 0.498445 0.183032 
0.00616325 0.598025 0.308222 0.0875897 
0.0029312 0.464125 0.53293 1.41361e-05 
0.213352 0.294891 0.457 0.0347568 
0.030258 0.55393 0.378081 0.0377308 
0.0226469 0.379005 0.597795 0.000552326 
0.119852 0.442305 0.437455 0.000387721 
0.0294611 0.540931 0.364291 0.0653164 
0.0808348 0.512649 0.320922 0.0855941 
0.0603489 0.2987 0.626909 0.0140422 
0.00405001 0.236831 0.756245 0.00287337 
0.180592 0.341583 0.476937 0.000888609 
0.0302139 0.347868 0.542005 0.0799136 
0.117759 0.426391 0.452752 0.00309794 
0.0780908 0.320649 0.511583 0.0896767 
0.155157 0.290071 0.435608 0.119164 
0.0403544 0.538463 0.420942 0.000241251 
0.0429685 0.274708 0.678079 0.00424481 
0.0716493 0.39102 0.527196 0.010135 
0.000783375 0.151728 0.840969 0.00651996 
0.12635 0.338371 0.535279 5.33743e-07 
0.05925 0.375861 0.520549 0.0443396 
0.0716114 0.390409 0.519971 0.0180084 
0.128239 0.331684 0.530403 0.00967347 
0.0647566 0.485827 0.442325 0.00709078 
0.107965 0.355751 0.528886 0.0073989 
0.0283363 0.724116 0.246877 0.000671251 
0.042818 0.555891 0.336958 0.0643338 
0.0228447 0.282627 0.644948 0.0495801 
0.0373259 0.237143 0.722548 0.00298253 
0.060284 0.404013 0.513949 0.0217535 
0.00998353 0.445621 0.530368 0.0140275 
0.129839 0.391942 0.478145 7.39778e-05 
0.12773 0.498993 0.330711 0.0425658 
0.00641761 0.489084 0.456176 0.0483226 
0.0500303 0.401098 0.446162 0.102709 
0.171404 0.395336 0.372679 0.0605814 
0.135664 0.545827 0.306336 0.0121732 
0.233273 0.225019 0.50207 0.0396378 
0.216749 0.201654 0.579624 0.00197282 
0.0559203 0.37053 0.527515 0.0460344 
0.0656421 0.724234 0.210124 2.63932e-08 
0.0251469 0.519959 0.451289 0.00360495 
0.130454 0.31764 0.482701 0.0692055 
0.0297368 0.339582 0.625892 0.00478894 
0.217581 0.253588 0.525175 0.00365611 
0.0603199 0.473528 0.417496 0.0486559 
0.227679 0.525499 0.202354 0.0444684 
0.0296352 0.469165 0.361828 0.139372 
0.0276853 0.425807 0.345699 0.200808 
0.0133771 0.463939 0.522474 0.000209926 
0.0223642 0.514029 0.42921 0.0343968 
0.341839 0.237112 0.407037 0.0140119 
0.181121 0.246094 0.560505 0.012281 
0.166726 0.197962 0.623302 0.0120095 
0.0234652 0.264386 0.711394 0.000754598 
0.000399304 0.318918 0.651544 0.029139 
0.106138 0.348239 0.533103 0.0125208 
0.0450304 0.374848 0.519535 0.0605863 
0.105927 0.480927 0.308867 0.104279 
0.0724508 0.440691 0.485281 0.00157738 
0.128631 0.405454 0.46512 0.000795361 
0.0044512 0.294717 0.616323 0.0845092 
0.00809057 0.337927 0.640589 0.0133936 
0.0597738 0.501926 0.414967 0.0233333 
0.0467824 0.496533 0.36868 0.0880049 
0.206179 0.568176 0.216038 0.00960727 
0.0168933 0.424862 0.543779 0.0144657 
0.0862587 0.419296 0.491817 0.0026285 
0.0560568 0.474028 0.441239 0.0286755 
0.0364917 0.679641 0.274913 0.0089541 
0.0397418 0.371471 0.505587 0.0831996 
0.0696076 0.366641 0.560091 0.00365984 
0.0391166 0.314617 0.604418 0.0418479 
0.0429915 0.48433 0.472338 0.000340447 
0.0683586 0.345508 0.509123 0.0770105 
0.00726691 0.46395 0.505886 0.0228967 
0.284106 0.195193 0.504663 0.0160389 
0.136075 0.251031 0.610077 0.00281732 
0.0401116 0.294648 0.617865 0.0473763 
0.0745352 0.399832 0.478704 0.0469288 
0.0793757 0.583553 0.319051 0.01802 
0.0332233 0.550103 0.395398 0.0212752 
0.084508 0.508466 0.406441 0.000584762 
0.032024 0.505898 0.422724 0.039354 
0.418691 0.406062 0.1621 0.0131477 
0.0564593 0.462369 0.47456 0.0066111 
0.121422 0.517643 0.333526 0.0274101 
0.162769 0.46825 0.30835 0.0606311 
